105
ASV_53     0.0000000 0.0276217 0.1608314 0.1446420 0.1361853 0.1584018 0.1613336 0.1589015 0.1598125 0.1597497 0.1590316 0.2025702 0.1873590 0.2032854 0.2010575 0.1996224 0.1864960 0.1878437 0.1859951 0.1882152 0.1897696 0.2016746 0.1562611 0.1831005 0.1799216 0.3102391 0.3118159 0.2937914 0.2938081 0.3092940 0.3121606 0.2921407 0.2928406 0.3072027 0.3061006 0.3027137 0.3014592 0.3014592 0.2977141 0.2927461 0.2893326 0.2915086 0.2988760 0.2882139 0.2945500 0.2946030 0.3280567 0.3236655 0.3169830 0.3182029 0.3086956 0.2884608 0.2884143 0.2884608 0.2779500 0.2799804 0.2813357 0.2832469 0.2737863 0.3109375 0.2850059 0.2848501 0.2929630 0.2998895 0.2989759 0.3082712 0.2957066 0.3049296 0.3031269 0.2939232 0.2921665 0.2812595 0.2864044 0.2784892 0.2789125 0.2832928 0.2466048 0.2476207 0.2403749 0.2393923 0.2569686 0.2583942 0.2581082 0.2660804 0.2601976 0.2702640 0.2740168 0.2730692 0.2732154 0.2719314 0.2761532 0.2729333 0.2699841 0.2706891 0.2680405 0.2669965 0.2701657 0.2706296 0.2886203 0.2852947 0.2862620 0.2734498 0.2659106 0.2693392 0.2548967 
ASV_102    0.0276217 0.0000000 0.1658785 0.1584857 0.1495373 0.1710399 0.1716477 0.1700143 0.1700681 0.1715334 0.1707869 0.2103700 0.2005244 0.2029601 0.2034927 0.2055525 0.1947311 0.1973771 0.1943424 0.1959096 0.1967061 0.2033584 0.1627307 0.1878908 0.1860065 0.3134490 0.3160555 0.2978032 0.3016683 0.3218856 0.3278951 0.2952656 0.3056853 0.3154552 0.3143376 0.3195018 0.3168333 0.3168333 0.3028507 0.2942368 0.2938076 0.2950036 0.2979790 0.3005896 0.3117795 0.3081450 0.3402903 0.3248760 0.3146999 0.3159178 0.3144774 0.3027849 0.3027333 0.3027849 0.2799293 0.2819806 0.2836998 0.2857649 0.2773453 0.3195462 0.2828695 0.2827150 0.2965850 0.3211465 0.3067150 0.3058033 0.2883653 0.2988087 0.2990873 0.2908662 0.2891137 0.2804242 0.2845552 0.2767527 0.2763661 0.2814435 0.2517373 0.2519744 0.2501304 0.2491195 0.2529343 0.2543539 0.2540698 0.2664869 0.2640979 0.2788734 0.2811150 0.2801522 0.2801961 0.2788836 0.2792993 0.2725534 0.2696016 0.2724928 0.2700833 0.2690277 0.2680920 0.2685576 0.2902471 0.2893413 0.2903158 0.2630719 0.2720641 0.2723945 0.2726344 
ASV_26     0.1608314 0.1658785 0.0000000 0.1126126 0.1070673 0.1056576 0.1058396 0.1057178 0.1064535 0.1062371 0.1056119 0.2040966 0.2048753 0.2130370 0.2112994 0.2061255 0.1809502 0.1974702 0.1955236 0.1937284 0.1937168 0.1597748 0.1600751 0.1696244 0.1555974 0.3368097 0.3727897 0.3576606 0.3581914 0.3667145 0.3698054 0.3285077 0.3303918 0.3320492 0.3335303 0.3144421 0.3138859 0.3138859 0.3083351 0.2963277 0.2971641 0.2985338 0.3028268 0.3313955 0.3282875 0.3255686 0.3724979 0.3731344 0.3457870 0.3445508 0.3353984 0.3200041 0.3198286 0.3200041 0.3244527 0.3220261 0.3178928 0.3166231 0.3084315 0.3341032 0.3119084 0.3106969 0.3140534 0.3342270 0.3315463 0.3751348 0.3432854 0.3390122 0.3357404 0.3629524 0.3612330 0.3518680 0.3501750 0.3498589 0.3496377 0.3515070 0.3177179 0.3165545 0.3178587 0.3166807 0.3319456 0.3314840 0.3311303 0.3218796 0.3271052 0.3047949 0.3114001 0.3103746 0.3124763 0.3092869 0.3077842 0.3049637 0.3052276 0.3061459 0.3017497 0.3014217 0.3060047 0.3091566 0.3125688 0.2998910 0.3008920 0.3083423 0.3292939 0.3033104 0.2999556 
ASV_66     0.1446420 0.1584857 0.1126126 0.0000000 0.0986746 0.0994943 0.0983329 0.0975647 0.0982813 0.0995107 0.0988917 0.1817986 0.1676546 0.1691059 0.1695270 0.1794975 0.1668640 0.1672974 0.1636345 0.1606924 0.1619908 0.1465548 0.1290700 0.1268938 0.1198387 0.3402938 0.3426810 0.3495748 0.3545530 0.3485501 0.3554621 0.3430843 0.3350406 0.3357502 0.3371247 0.3140950 0.3135350 0.3135350 0.3076992 0.2941138 0.2929977 0.2943683 0.2909447 0.3102338 0.3069421 0.3050476 0.3647581 0.3620233 0.3691699 0.3678681 0.3294453 0.3086856 0.3085153 0.3086856 0.3416904 0.3405818 0.3475595 0.2988808 0.2934562 0.3343728 0.3194525 0.3206295 0.3299047 0.3366085 0.3223600 0.3465755 0.3181659 0.3232882 0.3179238 0.3371685 0.3371814 0.3275994 0.3264340 0.3239003 0.3213618 0.3264891 0.3013807 0.2959104 0.2884055 0.2872991 0.3156039 0.3159037 0.3155613 0.3250081 0.3059241 0.2854847 0.2905788 0.2895846 0.2927177 0.2907870 0.3012928 0.3056901 0.3036015 0.3045234 0.2947653 0.2954305 0.3008947 0.3021175 0.2835800 0.2842124 0.2851920 0.2998338 0.3204276 0.2888086 0.2857562 
ASV_94     0.1361853 0.1495373 0.1070673 0.0986746 0.0000000 0.0843289 0.0849318 0.0842176 0.0842286 0.0842018 0.0836148 0.1730266 0.1727593 0.1735082 0.1770970 0.1848269 0.1809362 0.1765958 0.1842495 0.1735215 0.1725336 0.1571943 0.1357629 0.1485314 0.1526925 0.3170159 0.3423527 0.3051927 0.3039712 0.3321760 0.3331041 0.2996270 0.3052937 0.3017652 0.3006638 0.3158973 0.3132269 0.3132269 0.3097149 0.2912268 0.2920604 0.2934205 0.2905789 0.3189514 0.3146177 0.3106691 0.3406415 0.3324812 0.3376520 0.3364458 0.3390710 0.2952687 0.2951063 0.2952687 0.3101830 0.3082653 0.3062193 0.2985839 0.2849409 0.3222026 0.2987392 0.2998596 0.3140639 0.3292140 0.3204319 0.3223328 0.3240545 0.3215724 0.3214000 0.3230747 0.3252805 0.3174425 0.3229989 0.3162910 0.3137362 0.3151324 0.2757920 0.2926314 0.2722398 0.2711693 0.3140611 0.3144767 0.3141355 0.3019476 0.3042029 0.2798945 0.2827452 0.2817748 0.2804394 0.2790135 0.2881518 0.2852996 0.2829201 0.2845188 0.2794219 0.2745884 0.2839517 0.2844160 0.2804845 0.2807034 0.2816674 0.2988363 0.3029945 0.2862214 0.2808379 
ASV_37     0.1584018 0.1710399 0.1056576 0.0994943 0.0843289 0.0000000 0.0027151 0.0013540 0.0022619 0.0018070 0.0013546 0.1903325 0.1913896 0.1982970 0.1975371 0.1953054 0.1883827 0.1936000 0.1924798 0.1981346 0.1989106 0.1617926 0.1486935 0.1550355 0.1437008 0.3432514 0.3553733 0.3245018 0.3271495 0.3524032 0.3522343 0.3052467 0.3082414 0.3137677 0.3126406 0.3164701 0.3159082 0.3159082 0.3388699 0.3265297 0.3265297 0.3268201 0.3279245 0.3391505 0.3310493 0.3269260 0.3631976 0.3617279 0.3556183 0.3543651 0.3382842 0.3057892 0.3056213 0.3057892 0.3221681 0.3211016 0.3201671 0.3165242 0.3063513 0.3278484 0.3142470 0.3141923 0.3205313 0.3287336 0.3190081 0.3280256 0.3301393 0.3314382 0.3268511 0.3283846 0.3271068 0.3248157 0.3272372 0.3216717 0.3201233 0.3275235 0.2952958 0.3048648 0.2959456 0.2948229 0.3127482 0.3122854 0.3119476 0.3058997 0.2998087 0.2987207 0.2931339 0.2921492 0.2986926 0.2990696 0.3052887 0.3103596 0.3098432 0.3116424 0.3030760 0.3020385 0.3079221 0.3083892 0.2925289 0.2924040 0.2933858 0.2867140 0.3082431 0.2763617 0.2756255 
ASV_41     0.1613336 0.1716477 0.1058396 0.0983329 0.0849318 0.0027151 0.0000000 0.0013548 0.0013543 0.0018053 0.0013534 0.1885813 0.1906523 0.1978741 0.1979479 0.1980173 0.1868688 0.1946965 0.1905304 0.1961646 0.1969370 0.1616719 0.1472067 0.1549764 0.1422556 0.3420446 0.3560417 0.3259741 0.3286335 0.3548434 0.3546760 0.3063487 0.3096822 0.3138396 0.3127119 0.3175494 0.3169855 0.3169855 0.3396487 0.3273005 0.3273005 0.3275913 0.3285737 0.3424930 0.3343309 0.3301798 0.3649240 0.3634273 0.3558334 0.3545793 0.3383740 0.3036178 0.3034509 0.3036178 0.3198180 0.3187556 0.3192062 0.3142939 0.3073245 0.3254665 0.3166756 0.3166200 0.3222245 0.3298526 0.3201080 0.3270871 0.3290807 0.3303765 0.3258001 0.3294968 0.3282163 0.3236502 0.3260674 0.3205129 0.3190848 0.3264702 0.2954714 0.3050464 0.2961203 0.2949969 0.3129357 0.3124727 0.3121347 0.3060823 0.2999866 0.2989862 0.2921152 0.2911320 0.2976598 0.2980376 0.3042446 0.3093014 0.3087870 0.3105836 0.3033471 0.3023081 0.3068689 0.3073362 0.2915133 0.2934179 0.2944014 0.2889198 0.3079655 0.2772586 0.2766123 
ASV_3      0.1589015 0.1700143 0.1057178 0.0975647 0.0842176 0.0013540 0.0013548 0.0000000 0.0009029 0.0013541 0.0009023 0.1894480 0.1905098 0.1957796 0.1959354 0.1960169 0.1875057 0.1927101 0.1915845 0.1972320 0.1980067 0.1624627 0.1464824 0.1542356 0.1415235 0.3418274 0.3562532 0.3243222 0.3269683 0.3531566 0.3529881 0.3048554 0.3081877 0.3123323 0.3112082 0.3172821 0.3167190 0.3167190 0.3389280 0.3265899 0.3265899 0.3268802 0.3278652 0.3399957 0.3318829 0.3277545 0.3632504 0.3602858 0.3542075 0.3529580 0.3367764 0.3045095 0.3043422 0.3045095 0.3207264 0.3196629 0.3201105 0.3152043 0.3071771 0.3264974 0.3150649 0.3150099 0.3205921 0.3295696 0.3198344 0.3266901 0.3288007 0.3300950 0.3255236 0.3292157 0.3279365 0.3234931 0.3259084 0.3203583 0.3188146 0.3261927 0.2940436 0.3035902 0.2947005 0.2935809 0.3114489 0.3109860 0.3106494 0.3046201 0.2985492 0.2974669 0.2918955 0.2909132 0.2974335 0.2978113 0.3040117 0.3090623 0.3085487 0.3103436 0.3018028 0.3007703 0.3066324 0.3070994 0.2912946 0.2931977 0.2941802 0.2875120 0.3069417 0.2750302 0.2744333 
ASV_12     0.1598125 0.1700681 0.1064535 0.0982813 0.0842286 0.0022619 0.0013543 0.0009029 0.0000000 0.0013536 0.0009020 0.1884245 0.1894913 0.1957045 0.1958602 0.1970567 0.1864917 0.1926363 0.1901421 0.1957666 0.1965375 0.1605528 0.1465015 0.1542571 0.1415589 0.3411729 0.3546311 0.3259344 0.3285945 0.3524864 0.3523177 0.3050495 0.3083845 0.3125340 0.3114086 0.3174848 0.3169208 0.3169208 0.3356017 0.3233717 0.3233717 0.3236584 0.3246498 0.3398640 0.3334926 0.3293461 0.3635155 0.3620217 0.3544583 0.3532071 0.3368927 0.3046993 0.3045319 0.3046993 0.3209359 0.3198711 0.3203185 0.3154088 0.3073731 0.3248790 0.3166101 0.3165545 0.3221605 0.3297907 0.3200432 0.3269063 0.3290190 0.3303152 0.3257376 0.3294351 0.3281543 0.3237047 0.3261229 0.3205659 0.3190203 0.3264077 0.2942212 0.3037786 0.2948776 0.2937566 0.3116472 0.3111840 0.3108469 0.3061295 0.2987313 0.2989416 0.2920694 0.2910860 0.2976147 0.2979927 0.3042008 0.3092584 0.3087440 0.3105409 0.3033030 0.3022640 0.3068254 0.3072929 0.2914675 0.2933725 0.2943562 0.2876822 0.3071367 0.2764504 0.2745874 
ASV_6      0.1597497 0.1715334 0.1062371 0.0995107 0.0842018 0.0018070 0.0018053 0.0013541 0.0013536 0.0000000 0.0004504 0.1883451 0.1904978 0.1983588 0.1975985 0.1969726 0.1874932 0.1936590 0.1911641 0.1968001 0.1975731 0.1599877 0.1478758 0.1541971 0.1429156 0.3409772 0.3544263 0.3244551 0.3271033 0.3499683 0.3497982 0.3059854 0.3089785 0.3145110 0.3133827 0.3152092 0.3146496 0.3146496 0.3357515 0.3235094 0.3235094 0.3237964 0.3249066 0.3392285 0.3311240 0.3269991 0.3618073 0.3618143 0.3551824 0.3539304 0.3389428 0.3045362 0.3043689 0.3045362 0.3207608 0.3196968 0.3187700 0.3173866 0.3072055 0.3264258 0.3143156 0.3142608 0.3206023 0.3274257 0.3177230 0.3267273 0.3288389 0.3301339 0.3255602 0.3270848 0.3258101 0.3235287 0.3259452 0.3203923 0.3188479 0.3262296 0.2961227 0.3057022 0.2947226 0.2936025 0.3135987 0.3131361 0.3127976 0.3067399 0.3006383 0.3008454 0.2939526 0.2929667 0.2995225 0.2998988 0.3061274 0.3112097 0.3106917 0.3124929 0.3052309 0.3041856 0.3087681 0.3092352 0.2913152 0.2911920 0.2921718 0.2875311 0.3090966 0.2770641 0.2764222 
ASV_16     0.1590316 0.1707869 0.1056119 0.0988917 0.0836148 0.0013546 0.0013534 0.0009023 0.0009020 0.0004504 0.0000000 0.1875754 0.1897301 0.1975725 0.1968126 0.1961920 0.1867269 0.1928816 0.1903852 0.1960171 0.1967892 0.1607463 0.1471787 0.1534857 0.1422280 0.3421596 0.3533038 0.3255914 0.3282473 0.3511624 0.3509930 0.3049524 0.3079476 0.3134712 0.3123446 0.3162954 0.3157338 0.3157338 0.3369011 0.3246287 0.3246287 0.3249169 0.3260244 0.3403762 0.3322511 0.3281168 0.3630047 0.3630120 0.3554294 0.3541766 0.3378587 0.3056162 0.3054483 0.3056162 0.3218711 0.3208051 0.3198722 0.3163457 0.3061754 0.3275561 0.3154109 0.3153558 0.3217106 0.3285518 0.3188299 0.3278452 0.3299586 0.3312570 0.3266718 0.3282040 0.3269267 0.3246370 0.3270578 0.3214941 0.3199464 0.3273438 0.2951267 0.3046925 0.2957774 0.2946552 0.3125725 0.3121097 0.3117720 0.3057266 0.2996385 0.2998472 0.2929667 0.2919824 0.2985225 0.2988996 0.3051160 0.3101842 0.3096681 0.3114667 0.3042190 0.3031772 0.3077476 0.3082148 0.2923623 0.2922376 0.2932191 0.2865481 0.3080671 0.2760859 0.2754655 
ASV_744    0.2025702 0.2103700 0.2040966 0.1817986 0.1730266 0.1903325 0.1885813 0.1894480 0.1884245 0.1883451 0.1875754 0.0000000 0.1021705 0.0921173 0.0919099 0.1207769 0.1136005 0.1139335 0.1015913 0.0933897 0.0937191 0.1166192 0.1421228 0.1372290 0.1435649 0.3335162 0.3758461 0.3179691 0.3230405 0.3544395 0.3578504 0.3486243 0.3438697 0.3434591 0.3438370 0.3615476 0.3608898 0.3608898 0.3310420 0.3179691 0.3143156 0.3157633 0.3156719 0.2944990 0.3027533 0.2992333 0.3977505 0.3728929 0.3655002 0.3642046 0.3740194 0.3271735 0.3271144 0.3271735 0.3500823 0.3508858 0.3530278 0.3339208 0.3145215 0.3686696 0.3468439 0.3481013 0.3658634 0.3548116 0.3488515 0.3560257 0.3332490 0.3390993 0.3389654 0.3417743 0.3410262 0.3387271 0.3402537 0.3326296 0.3327861 0.3358277 0.3182255 0.3189380 0.3132172 0.3120505 0.3232733 0.3228089 0.3224605 0.3261281 0.3137599 0.3472495 0.3480813 0.3469619 0.3427292 0.3456340 0.3485853 0.3464886 0.3448711 0.3458751 0.3382060 0.3413971 0.3430067 0.3436099 0.3345156 0.3324821 0.3335611 0.3459129 0.3432835 0.3435613 0.3667979 
ASV_143    0.1873590 0.2005244 0.2048753 0.1676546 0.1727593 0.1913896 0.1906523 0.1905098 0.1894913 0.1904978 0.1897301 0.1021705 0.0000000 0.1003295 0.1010222 0.1039091 0.0837265 0.0918979 0.0882821 0.0917769 0.0913056 0.1311935 0.1530567 0.1467976 0.1484815 0.3401832 0.3695953 0.3424832 0.3441121 0.3575003 0.3660981 0.3411169 0.3421253 0.3437365 0.3426706 0.3852105 0.3836571 0.3836571 0.3213842 0.3151857 0.3115737 0.3130042 0.3177058 0.3074451 0.3100387 0.3077351 0.3967267 0.3792303 0.3577648 0.3591010 0.3802628 0.3247323 0.3259269 0.3247323 0.3622924 0.3619646 0.3606220 0.3111300 0.3104823 0.3663086 0.3360115 0.3358274 0.3468949 0.3636003 0.3589626 0.3644495 0.3515721 0.3643866 0.3592396 0.3605035 0.3601497 0.3458542 0.3483616 0.3446674 0.3432492 0.3461575 0.3252663 0.3267763 0.3111878 0.3100235 0.3281392 0.3284555 0.3281020 0.3277903 0.3320818 0.3504272 0.3452716 0.3441669 0.3439563 0.3468502 0.3553086 0.3573343 0.3552559 0.3577568 0.3565844 0.3552340 0.3566820 0.3571596 0.3532755 0.3421230 0.3432168 0.3396715 0.3354979 0.3306684 0.3266599 
ASV_86     0.2032854 0.2029601 0.2130370 0.1691059 0.1735082 0.1982970 0.1978741 0.1957796 0.1957045 0.1983588 0.1975725 0.0921173 0.1003295 0.0000000 0.0078500 0.0844581 0.0847417 0.0837677 0.0692098 0.0709108 0.0706547 0.1307829 0.1596452 0.1567129 0.1565463 0.3548427 0.3602069 0.3226526 0.3251467 0.3702719 0.3748312 0.3396922 0.3385268 0.3412541 0.3415048 0.3677532 0.3647639 0.3647639 0.3286570 0.3217208 0.3206597 0.3221216 0.3265672 0.3035925 0.3085277 0.3113306 0.3958106 0.3606335 0.3603159 0.3590456 0.3681577 0.3227790 0.3226033 0.3227790 0.3359485 0.3356365 0.3399467 0.3193235 0.3136613 0.3718048 0.3325839 0.3338032 0.3454843 0.3751226 0.3740090 0.3818597 0.3349371 0.3404882 0.3370947 0.3625807 0.3600867 0.3505702 0.3493569 0.3475902 0.3471527 0.3500158 0.3059856 0.3058718 0.2886045 0.2874925 0.3155320 0.3159500 0.3156073 0.3178252 0.3009921 0.3294868 0.3356932 0.3346108 0.3304361 0.3299328 0.3314306 0.3343553 0.3328939 0.3335508 0.3269871 0.3229148 0.3334676 0.3348505 0.3278435 0.3360507 0.3371280 0.3247381 0.3103265 0.3072712 0.3267913 
ASV_165    0.2010575 0.2034927 0.2112994 0.1695270 0.1770970 0.1975371 0.1979479 0.1959354 0.1958602 0.1975985 0.1968126 0.0919099 0.1010222 0.0078500 0.0000000 0.0880150 0.0884102 0.0854758 0.0716169 0.0682780 0.0691734 0.1316452 0.1616394 0.1582050 0.1611786 0.3542167 0.3592719 0.3172479 0.3186607 0.3651941 0.3731878 0.3391839 0.3385023 0.3413141 0.3415655 0.3627071 0.3620497 0.3620497 0.3263932 0.3202599 0.3192029 0.3206584 0.3230308 0.3079622 0.3129572 0.3101249 0.3879220 0.3602997 0.3609386 0.3596612 0.3703018 0.3210362 0.3208610 0.3210362 0.3296496 0.3293422 0.3337359 0.3159163 0.3141975 0.3663773 0.3234058 0.3246048 0.3441026 0.3734766 0.3664842 0.3818974 0.3393006 0.3435152 0.3414894 0.3652129 0.3626989 0.3526841 0.3521245 0.3503415 0.3524516 0.3553607 0.3047431 0.3038740 0.2891930 0.2880748 0.3105322 0.3109434 0.3106047 0.3143748 0.2997971 0.3339269 0.3402209 0.3391281 0.3348993 0.3343903 0.3317346 0.3346690 0.3332024 0.3338614 0.3314015 0.3272835 0.3379579 0.3393497 0.3291470 0.3320455 0.3331153 0.3166627 0.3078515 0.3089330 0.3264559 
ASV_58     0.1996224 0.2055525 0.2061255 0.1794975 0.1848269 0.1953054 0.1980173 0.1960169 0.1970567 0.1969726 0.1961920 0.1207769 0.1039091 0.0844581 0.0880150 0.0000000 0.0474596 0.0452838 0.0744928 0.0894050 0.0900623 0.1223157 0.1552616 0.1538426 0.1547539 0.3620866 0.3688282 0.3336280 0.3318779 0.3885165 0.3931896 0.3350532 0.3440011 0.3462045 0.3436940 0.3380094 0.3352151 0.3352151 0.3269319 0.3147529 0.3162064 0.3152618 0.3166045 0.2932182 0.2975341 0.3010184 0.3740348 0.3677716 0.3499940 0.3487516 0.4010361 0.3340704 0.3338890 0.3340704 0.3598742 0.3598742 0.3622134 0.3264706 0.3161336 0.3789548 0.3264159 0.3262376 0.3421457 0.3788608 0.3703632 0.3839543 0.3675541 0.3718249 0.3662840 0.3621245 0.3559465 0.3631003 0.3585628 0.3517456 0.3539354 0.3558371 0.3298489 0.3316108 0.3205684 0.3193810 0.3347074 0.3351522 0.3347941 0.3266450 0.3180148 0.3355647 0.3373928 0.3363077 0.3341997 0.3351069 0.3378603 0.3439537 0.3432816 0.3426338 0.3391919 0.3403547 0.3426276 0.3431016 0.3345332 0.3345954 0.3356728 0.3378910 0.3349758 0.3222825 0.3345627 
ASV_60     0.1864960 0.1947311 0.1809502 0.1668640 0.1809362 0.1883827 0.1868688 0.1875057 0.1864917 0.1874932 0.1867269 0.1136005 0.0837265 0.0847417 0.0884102 0.0474596 0.0000000 0.0241142 0.0574397 0.0755613 0.0762191 0.1279970 0.1462481 0.1567151 0.1528035 0.3665868 0.3811851 0.3353059 0.3357718 0.3746320 0.3810097 0.3342941 0.3324549 0.3343334 0.3332935 0.3526159 0.3519823 0.3519823 0.3217393 0.3110086 0.3100874 0.3115111 0.3142078 0.2949864 0.3003720 0.3038824 0.3813703 0.3650527 0.3576367 0.3563688 0.3772121 0.3255123 0.3253351 0.3255123 0.3429993 0.3418923 0.3441906 0.3152870 0.3026392 0.3653543 0.3193455 0.3205307 0.3374216 0.3663215 0.3589731 0.3688361 0.3486593 0.3493824 0.3444993 0.3453786 0.3408403 0.3423374 0.3379956 0.3355070 0.3365478 0.3420524 0.3343331 0.3304486 0.3188838 0.3177030 0.3233430 0.3228785 0.3225300 0.3263348 0.3211313 0.3426892 0.3446306 0.3435271 0.3402477 0.3421017 0.3468285 0.3528699 0.3527036 0.3510966 0.3486338 0.3507185 0.3511044 0.3515814 0.3269653 0.3277139 0.3287800 0.3200682 0.3191143 0.3128839 0.3190923 
ASV_77     0.1878437 0.1973771 0.1974702 0.1672974 0.1765958 0.1936000 0.1946965 0.1927101 0.1926363 0.1936590 0.1928816 0.1139335 0.0918979 0.0837677 0.0854758 0.0452838 0.0241142 0.0000000 0.0639083 0.0755627 0.0755959 0.1346164 0.1451862 0.1511458 0.1526012 0.3711514 0.3830179 0.3348808 0.3319715 0.3818251 0.3872767 0.3313109 0.3343620 0.3388330 0.3363673 0.3495653 0.3467085 0.3467085 0.3370545 0.3224256 0.3238969 0.3229429 0.3249564 0.2975514 0.3010476 0.3045750 0.3896259 0.3668248 0.3472355 0.3474227 0.4000289 0.3245507 0.3243734 0.3245507 0.3536485 0.3533232 0.3556514 0.3309641 0.3113584 0.3737932 0.3294585 0.3306689 0.3431001 0.3805176 0.3780007 0.3915861 0.3712451 0.3720798 0.3679922 0.3710147 0.3711991 0.3624630 0.3580588 0.3547611 0.3593820 0.3636375 0.3346992 0.3359217 0.3230154 0.3218234 0.3273546 0.3290862 0.3287323 0.3325299 0.3239818 0.3415965 0.3416214 0.3405233 0.3381871 0.3414729 0.3458468 0.3518742 0.3505940 0.3489947 0.3440553 0.3449729 0.3493432 0.3507597 0.3316174 0.3355951 0.3366777 0.3350347 0.3259889 0.3250989 0.3465131 
ASV_18     0.1859951 0.1943424 0.1955236 0.1636345 0.1842495 0.1924798 0.1905304 0.1915845 0.1901421 0.1911641 0.1903852 0.1015913 0.0882821 0.0692098 0.0716169 0.0744928 0.0574397 0.0639083 0.0000000 0.0521752 0.0516836 0.1247538 0.1531835 0.1514182 0.1503756 0.3561283 0.3704104 0.3199408 0.3185458 0.3629307 0.3646831 0.3380891 0.3315716 0.3440766 0.3428834 0.3460714 0.3454460 0.3454460 0.3345795 0.3224296 0.3212470 0.3227140 0.3289963 0.3036058 0.3128976 0.3168048 0.3805375 0.3495601 0.3532656 0.3534572 0.3490843 0.3120159 0.3118446 0.3120159 0.3348345 0.3337368 0.3348061 0.3244049 0.3164014 0.3407823 0.3046565 0.3058051 0.3198849 0.3596121 0.3601666 0.3592797 0.3462604 0.3505875 0.3486973 0.3553297 0.3492159 0.3377055 0.3356197 0.3269775 0.3279934 0.3333692 0.3203776 0.3121028 0.3073664 0.3062050 0.3202409 0.3197756 0.3194291 0.3155296 0.3068412 0.3217240 0.3197150 0.3186627 0.3155779 0.3187219 0.3172373 0.3191556 0.3177030 0.3151438 0.3163554 0.3183147 0.3196423 0.3201137 0.3216727 0.3135050 0.3145402 0.3193316 0.3143526 0.3075957 0.3318148 
ASV_80     0.1882152 0.1959096 0.1937284 0.1606924 0.1735215 0.1981346 0.1961646 0.1972320 0.1957666 0.1968001 0.1960171 0.0933897 0.0917769 0.0709108 0.0682780 0.0894050 0.0755613 0.0755627 0.0521752 0.0000000 0.0045480 0.1134172 0.1356486 0.1395090 0.1389026 0.3435284 0.3510970 0.3275411 0.3260606 0.3540791 0.3624233 0.3252025 0.3147242 0.3185796 0.3186355 0.3590342 0.3583878 0.3583878 0.3146218 0.2988919 0.2977708 0.2999945 0.3033785 0.3019439 0.3095401 0.3059673 0.3904162 0.3433924 0.3502792 0.3490373 0.3416521 0.3153189 0.3151469 0.3153189 0.3282512 0.3271794 0.3231152 0.3016630 0.2919460 0.3641953 0.3016298 0.3027659 0.3222175 0.3521621 0.3563568 0.3576690 0.3311169 0.3338188 0.3346611 0.3419721 0.3423266 0.3441516 0.3405992 0.3352456 0.3345791 0.3366250 0.3125915 0.3005118 0.2954456 0.2943231 0.3176769 0.3201275 0.3197829 0.3083422 0.2943775 0.3168608 0.3138313 0.3127956 0.3097703 0.3128643 0.3194104 0.3167264 0.3118559 0.3072246 0.3058825 0.3080875 0.3062563 0.3095375 0.3195302 0.3103205 0.3092312 0.3068910 0.3065003 0.3026920 0.3261652 
ASV_375    0.1897696 0.1967061 0.1937168 0.1619908 0.1725336 0.1989106 0.1969370 0.1980067 0.1965375 0.1975731 0.1967892 0.0937191 0.0913056 0.0706547 0.0691734 0.0900623 0.0762191 0.0755959 0.0516836 0.0045480 0.0000000 0.1189162 0.1326204 0.1399375 0.1393855 0.3486232 0.3533530 0.3296834 0.3281996 0.3544317 0.3618209 0.3214676 0.3134916 0.3173432 0.3173989 0.3536713 0.3530350 0.3530350 0.3185066 0.3018060 0.3006798 0.3029144 0.3063196 0.3060283 0.3080739 0.3045125 0.3847863 0.3380240 0.3486830 0.3474450 0.3455707 0.3197410 0.3195669 0.3197410 0.3332082 0.3321267 0.3280249 0.3080443 0.2940174 0.3669434 0.3017711 0.3029074 0.3171956 0.3536456 0.3578583 0.3542834 0.3370514 0.3397881 0.3406430 0.3469707 0.3473308 0.3442505 0.3406962 0.3353397 0.3347922 0.3367199 0.3147495 0.3058171 0.2947125 0.2935909 0.3245666 0.3248764 0.3245280 0.3083700 0.2975670 0.3225989 0.3206011 0.3195537 0.3164814 0.3196110 0.3251895 0.3224721 0.3185781 0.3138914 0.3125272 0.3147582 0.3129105 0.3162322 0.3242161 0.3138035 0.3127076 0.3102153 0.3084848 0.2993086 0.3306928 
ASV_127    0.2016746 0.2033584 0.1597748 0.1465548 0.1571943 0.1617926 0.1616719 0.1624627 0.1605528 0.1599877 0.1607463 0.1166192 0.1311935 0.1307829 0.1316452 0.1223157 0.1279970 0.1346164 0.1247538 0.1134172 0.1189162 0.0000000 0.1153707 0.1051492 0.1126528 0.3382866 0.3587962 0.3361987 0.3391639 0.3577190 0.3653115 0.3372393 0.3367659 0.3347771 0.3348362 0.3150075 0.3144498 0.3144498 0.3071466 0.2995576 0.2972083 0.2962796 0.2968019 0.2834006 0.2951949 0.2902390 0.3962429 0.3589502 0.3411889 0.3399658 0.3495972 0.3048051 0.3047531 0.3048051 0.3535580 0.3554144 0.3557318 0.3112531 0.3113665 0.3270665 0.3284367 0.3282574 0.3344187 0.3474658 0.3344830 0.3451958 0.3440880 0.3410018 0.3358335 0.3495477 0.3478761 0.3418819 0.3456104 0.3438543 0.3448561 0.3477935 0.3091728 0.3095628 0.3038169 0.3026670 0.3189277 0.3192330 0.3188863 0.3086109 0.3203543 0.3318934 0.3317132 0.3306369 0.3366526 0.3344749 0.3396830 0.3371437 0.3337986 0.3370156 0.3255837 0.3282512 0.3338122 0.3361871 0.3151547 0.3005991 0.3016119 0.3220000 0.3159393 0.3154529 0.3096884 
ASV_152    0.1562611 0.1627307 0.1600751 0.1290700 0.1357629 0.1486935 0.1472067 0.1464824 0.1465015 0.1478758 0.1471787 0.1421228 0.1530567 0.1596452 0.1616394 0.1552616 0.1462481 0.1451862 0.1531835 0.1356486 0.1326204 0.1153707 0.0000000 0.0497182 0.0494554 0.3270842 0.3446148 0.3324881 0.3334532 0.3581470 0.3634072 0.3056670 0.3065218 0.3029139 0.3019305 0.3099577 0.3073358 0.3073358 0.3298545 0.3212494 0.3176048 0.3199227 0.3156955 0.3066104 0.3112126 0.3073067 0.3618698 0.3653462 0.3545839 0.3533209 0.3363160 0.3066938 0.3066938 0.3066938 0.3345904 0.3334965 0.3339041 0.3160849 0.3107020 0.3631847 0.3009908 0.3021368 0.3218751 0.3301149 0.3205911 0.3472576 0.3515877 0.3536960 0.3568682 0.3456052 0.3457769 0.3424129 0.3460993 0.3429076 0.3422815 0.3453382 0.3046336 0.3101416 0.3038150 0.3026663 0.3306507 0.3301838 0.3298271 0.3134388 0.3038910 0.3100737 0.3130408 0.3119962 0.3101430 0.3100752 0.3197830 0.3115830 0.3101425 0.3110820 0.3083502 0.3113871 0.3061151 0.3083706 0.3111277 0.3077295 0.3087581 0.3202750 0.3129376 0.2994548 0.3027758 
ASV_5      0.1831005 0.1878908 0.1696244 0.1268938 0.1485314 0.1550355 0.1549764 0.1542356 0.1542571 0.1541971 0.1534857 0.1372290 0.1467976 0.1567129 0.1582050 0.1538426 0.1567151 0.1511458 0.1514182 0.1395090 0.1399375 0.1051492 0.0497182 0.0000000 0.0185411 0.3485550 0.3495411 0.3300231 0.3298359 0.3642105 0.3672700 0.3355302 0.3383813 0.3360308 0.3360901 0.3311326 0.3283880 0.3283880 0.3249367 0.3235991 0.3223372 0.3222626 0.3188679 0.3228073 0.3224121 0.3183655 0.4052470 0.3902963 0.3706055 0.3693047 0.3491493 0.3179344 0.3179344 0.3179344 0.3642314 0.3630707 0.3618850 0.3179886 0.3204237 0.3473304 0.3217191 0.3229093 0.3365526 0.3447286 0.3406813 0.3577913 0.3606220 0.3573320 0.3604786 0.3621385 0.3614568 0.3549248 0.3586890 0.3636079 0.3592857 0.3594379 0.3229764 0.3265072 0.3178680 0.3166857 0.3443954 0.3448577 0.3444889 0.3210842 0.3206135 0.3144064 0.3138660 0.3128237 0.3159442 0.3166496 0.3207719 0.3159104 0.3151539 0.3161017 0.3129729 0.3130979 0.3136846 0.3159756 0.3231302 0.3149138 0.3159538 0.3319784 0.3337946 0.3133021 0.3151628 
ASV_81     0.1799216 0.1860065 0.1555974 0.1198387 0.1526925 0.1437008 0.1422556 0.1415235 0.1415589 0.1429156 0.1422280 0.1435649 0.1484815 0.1565463 0.1611786 0.1547539 0.1528035 0.1526012 0.1503756 0.1389026 0.1393855 0.1126528 0.0494554 0.0185411 0.0000000 0.3505639 0.3478504 0.3347849 0.3369449 0.3648804 0.3710114 0.3350150 0.3334419 0.3348036 0.3337575 0.3241911 0.3214881 0.3214881 0.3350117 0.3339650 0.3326704 0.3325929 0.3284603 0.3270619 0.3279599 0.3238772 0.3993130 0.4014718 0.3711873 0.3698801 0.3419136 0.3104632 0.3102925 0.3104632 0.3515974 0.3504637 0.3508211 0.3102050 0.3229247 0.3403994 0.3226139 0.3238065 0.3381400 0.3420533 0.3301677 0.3495656 0.3519552 0.3512638 0.3511322 0.3512031 0.3477786 0.3524384 0.3561996 0.3570378 0.3565127 0.3540551 0.3287416 0.3198887 0.3154410 0.3142647 0.3441232 0.3436567 0.3432894 0.3278474 0.3118888 0.3094687 0.3104109 0.3093753 0.3091062 0.3128484 0.3131529 0.3197306 0.3194152 0.3212773 0.3210628 0.3203639 0.3177410 0.3211483 0.3132981 0.3047215 0.3057385 0.3251950 0.3228975 0.3038711 0.3021712 
ASV_35     0.3102391 0.3134490 0.3368097 0.3402938 0.3170159 0.3432514 0.3420446 0.3418274 0.3411729 0.3409772 0.3421596 0.3335162 0.3401832 0.3548427 0.3542167 0.3620866 0.3665868 0.3711514 0.3561283 0.3435284 0.3486232 0.3382866 0.3270842 0.3485550 0.3505639 0.0000000 0.2870451 0.2661030 0.2645714 0.2872956 0.2871358 0.2850938 0.2984120 0.2990326 0.2979259 0.2877159 0.2871993 0.2867763 0.2856457 0.2832990 0.2812335 0.2802677 0.2830658 0.2991925 0.3021697 0.2996050 0.2483693 0.2627854 0.2369110 0.2359233 0.2832755 0.2700937 0.2699049 0.2699454 0.2703887 0.2710366 0.2674338 0.2484068 0.2550085 0.2794040 0.2742873 0.2741361 0.2857803 0.2486790 0.2453523 0.2478272 0.2616048 0.2644732 0.2633556 0.2502454 0.2502454 0.2568466 0.2565358 0.2534527 0.2514354 0.2528256 0.2531873 0.2582652 0.2459089 0.2469626 0.2767408 0.2757186 0.2755234 0.2527800 0.2500015 0.2587240 0.2563001 0.2572750 0.2582669 0.2583450 0.2583741 0.2557876 0.2594565 0.2600640 0.2538229 0.2513716 0.2596332 0.2554261 0.2570684 0.2601344 0.2601344 0.2593639 0.2497034 0.2447452 0.2486418 
ASV_28     0.3118159 0.3160555 0.3727897 0.3426810 0.3423527 0.3553733 0.3560417 0.3562532 0.3546311 0.3544263 0.3533038 0.3758461 0.3695953 0.3602069 0.3592719 0.3688282 0.3811851 0.3830179 0.3704104 0.3510970 0.3533530 0.3587962 0.3446148 0.3495411 0.3478504 0.2870451 0.0000000 0.3062836 0.3025417 0.3036397 0.3033783 0.2698643 0.2890979 0.2866065 0.2855475 0.2485294 0.2494763 0.2494763 0.2421731 0.2282259 0.2262713 0.2254243 0.2250872 0.2568499 0.2630828 0.2620396 0.2453493 0.2463491 0.2347054 0.2337539 0.3068685 0.2398808 0.2388398 0.2398500 0.2708179 0.2717682 0.2697969 0.2669901 0.2670407 0.2771823 0.2680832 0.2680436 0.2715467 0.2941480 0.2965405 0.2600008 0.2631839 0.2685185 0.2665257 0.2687660 0.2687660 0.2841747 0.2819705 0.2808883 0.2783959 0.2771252 0.2494752 0.2525730 0.2513426 0.2503312 0.2747051 0.2749507 0.2746479 0.2549519 0.2730377 0.2373295 0.2267080 0.2258462 0.2261116 0.2268375 0.2309417 0.2297852 0.2276109 0.2265563 0.2296180 0.2307825 0.2237564 0.2253160 0.2420968 0.2330310 0.2339010 0.2511368 0.2412398 0.2278697 0.2328265 
ASV_9      0.2937914 0.2978032 0.3576606 0.3495748 0.3051927 0.3245018 0.3259741 0.3243222 0.3259344 0.3244551 0.3255914 0.3179691 0.3424832 0.3226526 0.3172479 0.3336280 0.3353059 0.3348808 0.3199408 0.3275411 0.3296834 0.3361987 0.3324881 0.3300231 0.3347849 0.2661030 0.3062836 0.0000000 0.0045238 0.1604728 0.1635906 0.2395196 0.2512151 0.2507639 0.2497897 0.2358217 0.2354263 0.2340934 0.2555369 0.2479078 0.2457994 0.2461064 0.2563550 0.2775765 0.2872881 0.2894616 0.2755398 0.2827518 0.2613117 0.2623855 0.2914881 0.2399628 0.2399313 0.2399628 0.2604717 0.2601281 0.2616084 0.2472467 0.2559424 0.2463395 0.2331430 0.2341108 0.2463500 0.2578157 0.2629191 0.2431437 0.2429366 0.2489135 0.2494844 0.2527639 0.2525664 0.2396900 0.2432526 0.2410599 0.2412831 0.2409216 0.2211781 0.2415603 0.2287375 0.2277658 0.2284799 0.2280011 0.2277427 0.2536080 0.2606968 0.2505438 0.2476847 0.2479598 0.2466527 0.2490031 0.2466745 0.2439787 0.2436377 0.2462585 0.2391460 0.2367974 0.2453623 0.2431034 0.2379610 0.2345705 0.2354394 0.2490192 0.2437010 0.2098692 0.2344152 
ASV_23     0.2938081 0.3016683 0.3581914 0.3545530 0.3039712 0.3271495 0.3286335 0.3269683 0.3285945 0.3271033 0.3282473 0.3230405 0.3441121 0.3251467 0.3186607 0.3318779 0.3357718 0.3319715 0.3185458 0.3260606 0.3281996 0.3391639 0.3334532 0.3298359 0.3369449 0.2645714 0.3025417 0.0045238 0.0000000 0.1651174 0.1610625 0.2377084 0.2483191 0.2505473 0.2495742 0.2363644 0.2359673 0.2346317 0.2606808 0.2529493 0.2508184 0.2511312 0.2597741 0.2820533 0.2908496 0.2942138 0.2742479 0.2858392 0.2560191 0.2570804 0.2921436 0.2395373 0.2395060 0.2395373 0.2565155 0.2561783 0.2576624 0.2500596 0.2555393 0.2480309 0.2354066 0.2363795 0.2428365 0.2570877 0.2652784 0.2444275 0.2437747 0.2497773 0.2503512 0.2546685 0.2544685 0.2415101 0.2450933 0.2428859 0.2437693 0.2428429 0.2197075 0.2386789 0.2259478 0.2269548 0.2261607 0.2256804 0.2254239 0.2532391 0.2619444 0.2509740 0.2469978 0.2472724 0.2459672 0.2483146 0.2491651 0.2464488 0.2449961 0.2455733 0.2384658 0.2361210 0.2446781 0.2424212 0.2403794 0.2338995 0.2347678 0.2477446 0.2415183 0.2140415 0.2351349 
ASV_263    0.3092940 0.3218856 0.3667145 0.3485501 0.3321760 0.3524032 0.3548434 0.3531566 0.3524864 0.3499683 0.3511624 0.3544395 0.3575003 0.3702719 0.3651941 0.3885165 0.3746320 0.3818251 0.3629307 0.3540791 0.3544317 0.3577190 0.3581470 0.3642105 0.3648804 0.2872956 0.3036397 0.1604728 0.1651174 0.0000000 0.0045289 0.2515231 0.2586987 0.2581303 0.2571367 0.2359077 0.2355150 0.2341914 0.2342129 0.2293690 0.2265242 0.2257945 0.2364617 0.2673347 0.2645088 0.2642610 0.2869784 0.2898914 0.2864596 0.2875880 0.2600690 0.2354110 0.2352838 0.2354110 0.2556933 0.2544023 0.2544363 0.2447665 0.2434878 0.2726115 0.2455066 0.2464950 0.2581313 0.2456560 0.2517492 0.2592435 0.2632414 0.2661703 0.2649621 0.2521229 0.2519257 0.2626292 0.2598489 0.2582198 0.2582397 0.2555242 0.2167305 0.2271177 0.2176484 0.2167257 0.2208034 0.2209814 0.2207358 0.2240308 0.2341055 0.2412098 0.2409694 0.2412347 0.2421796 0.2423485 0.2408510 0.2406830 0.2393736 0.2381426 0.2325675 0.2302899 0.2409678 0.2369628 0.2323965 0.2206363 0.2197492 0.2469563 0.2496622 0.2033383 0.2273719 
ASV_272    0.3121606 0.3278951 0.3698054 0.3554621 0.3331041 0.3522343 0.3546760 0.3529881 0.3523177 0.3497982 0.3509930 0.3578504 0.3660981 0.3748312 0.3731878 0.3931896 0.3810097 0.3872767 0.3646831 0.3624233 0.3618209 0.3653115 0.3634072 0.3672700 0.3710114 0.2871358 0.3033783 0.1635906 0.1610625 0.0045289 0.0000000 0.2497750 0.2567794 0.2589516 0.2579574 0.2379042 0.2375066 0.2361728 0.2380397 0.2331501 0.2302843 0.2295510 0.2386572 0.2691748 0.2686227 0.2694723 0.2874118 0.2920152 0.2826294 0.2837467 0.2612369 0.2364292 0.2363014 0.2364292 0.2548292 0.2535394 0.2535753 0.2499500 0.2442616 0.2687075 0.2463688 0.2473578 0.2533207 0.2469058 0.2562174 0.2581055 0.2632252 0.2670894 0.2658790 0.2538188 0.2536195 0.2629854 0.2602016 0.2585705 0.2585902 0.2558714 0.2144706 0.2266864 0.2172451 0.2182036 0.2203883 0.2205655 0.2203207 0.2221009 0.2348424 0.2410104 0.2407700 0.2410348 0.2419784 0.2421470 0.2417648 0.2415964 0.2402841 0.2370619 0.2323796 0.2301053 0.2398791 0.2358862 0.2332960 0.2196170 0.2187323 0.2475778 0.2509571 0.2108721 0.2305116 
ASV_48     0.2921407 0.2952656 0.3285077 0.3430843 0.2996270 0.3052467 0.3063487 0.3048554 0.3050495 0.3059854 0.3049524 0.3486243 0.3411169 0.3396922 0.3391839 0.3350532 0.3342941 0.3313109 0.3380891 0.3252025 0.3214676 0.3372393 0.3056670 0.3355302 0.3350150 0.2850938 0.2698643 0.2395196 0.2377084 0.2515231 0.2497750 0.0000000 0.0179347 0.0140792 0.0131205 0.2605543 0.2605543 0.2619565 0.2509082 0.2403976 0.2401810 0.2411142 0.2408226 0.2740896 0.2774214 0.2789142 0.2321433 0.2189554 0.2137815 0.2128684 0.2378877 0.2294637 0.2294356 0.2294637 0.2496199 0.2519063 0.2541999 0.2499421 0.2318666 0.2365593 0.2441279 0.2440952 0.2572051 0.2097833 0.2058491 0.2270084 0.2167590 0.2205721 0.2215136 0.2309998 0.2305133 0.2206802 0.2209680 0.2154470 0.2158665 0.2143584 0.2085511 0.2011827 0.2099378 0.2108843 0.2135568 0.2137250 0.2134891 0.2268736 0.2271028 0.2169117 0.2159658 0.2151323 0.2140958 0.2146922 0.2172072 0.2201347 0.2184205 0.2165262 0.2152635 0.2163661 0.2155534 0.2182349 0.2220572 0.2141920 0.2133088 0.2137259 0.2245359 0.2288350 0.2195164 
ASV_72     0.2928406 0.3056853 0.3303918 0.3350406 0.3052937 0.3082414 0.3096822 0.3081877 0.3083845 0.3089785 0.3079476 0.3438697 0.3421253 0.3385268 0.3385023 0.3440011 0.3324549 0.3343620 0.3315716 0.3147242 0.3134916 0.3367659 0.3065218 0.3383813 0.3334419 0.2984120 0.2890979 0.2512151 0.2483191 0.2586987 0.2567794 0.0179347 0.0000000 0.0096700 0.0096713 0.2729244 0.2739024 0.2753501 0.2595002 0.2544036 0.2531318 0.2551243 0.2518071 0.2971663 0.2963392 0.2991706 0.2377062 0.2344675 0.2196903 0.2187668 0.2410693 0.2298831 0.2298553 0.2298831 0.2453824 0.2476308 0.2560503 0.2537067 0.2546551 0.2419589 0.2389540 0.2388248 0.2514227 0.2177728 0.2133408 0.2416660 0.2212643 0.2212467 0.2232145 0.2322675 0.2328911 0.2204571 0.2226202 0.2158840 0.2162090 0.2168632 0.2166944 0.2047698 0.2145929 0.2155359 0.2172621 0.2174321 0.2171956 0.2284341 0.2229707 0.2214592 0.2200931 0.2192616 0.2182242 0.2207072 0.2213843 0.2264194 0.2246807 0.2227789 0.2177569 0.2213998 0.2243737 0.2241849 0.2373013 0.2204356 0.2195518 0.2248995 0.2294822 0.2254905 0.2243134 
ASV_29     0.3072027 0.3154552 0.3320492 0.3357502 0.3017652 0.3137677 0.3138396 0.3123323 0.3125340 0.3145110 0.3134712 0.3434591 0.3437365 0.3412541 0.3413141 0.3462045 0.3343334 0.3388330 0.3440766 0.3185796 0.3173432 0.3347771 0.3029139 0.3360308 0.3348036 0.2990326 0.2866065 0.2507639 0.2505473 0.2581303 0.2589516 0.0140792 0.0096700 0.0000000 0.0009010 0.2836412 0.2843890 0.2858739 0.2620677 0.2559185 0.2546404 0.2566412 0.2520725 0.2896116 0.2939283 0.2967334 0.2408618 0.2299717 0.2226281 0.2217011 0.2478641 0.2304409 0.2304129 0.2304409 0.2545758 0.2568717 0.2612528 0.2544351 0.2471591 0.2442300 0.2442956 0.2441632 0.2592576 0.2190894 0.2181096 0.2412848 0.2228794 0.2247907 0.2248406 0.2445481 0.2452146 0.2288141 0.2310222 0.2284199 0.2287409 0.2281654 0.2121453 0.2046724 0.2116459 0.2107414 0.2139631 0.2141303 0.2138960 0.2281829 0.2195318 0.2215482 0.2220797 0.2212450 0.2202022 0.2207962 0.2240209 0.2271533 0.2254114 0.2233885 0.2221920 0.2251275 0.2258743 0.2286761 0.2319467 0.2163707 0.2154954 0.2257739 0.2333096 0.2298132 0.2253004 
ASV_52     0.3061006 0.3143376 0.3335303 0.3371247 0.3006638 0.3126406 0.3127119 0.3112082 0.3114086 0.3133827 0.3123446 0.3438370 0.3426706 0.3415048 0.3415655 0.3436940 0.3332935 0.3363673 0.3428834 0.3186355 0.3173989 0.3348362 0.3019305 0.3360901 0.3337575 0.2979259 0.2855475 0.2497897 0.2495742 0.2571367 0.2579574 0.0131205 0.0096713 0.0009010 0.0000000 0.2815311 0.2822774 0.2837541 0.2600279 0.2539082 0.2526366 0.2546292 0.2500777 0.2886793 0.2929929 0.2957925 0.2409020 0.2309765 0.2207760 0.2198527 0.2458905 0.2295246 0.2294967 0.2295246 0.2557675 0.2580711 0.2624624 0.2534612 0.2462944 0.2432630 0.2433390 0.2432070 0.2582736 0.2172377 0.2162632 0.2413476 0.2238880 0.2238710 0.2258548 0.2435920 0.2442554 0.2298340 0.2320484 0.2274959 0.2278172 0.2272425 0.2112580 0.2038053 0.2107643 0.2098615 0.2130813 0.2132476 0.2130141 0.2272663 0.2186298 0.2225424 0.2211740 0.2203406 0.2193000 0.2217889 0.2231112 0.2262372 0.2245008 0.2224816 0.2212862 0.2242156 0.2249621 0.2277588 0.2310253 0.2154776 0.2146036 0.2248575 0.2323813 0.2288859 0.2253540 
ASV_1      0.3027137 0.3195018 0.3144421 0.3140950 0.3158973 0.3164701 0.3175494 0.3172821 0.3174848 0.3152092 0.3162954 0.3615476 0.3852105 0.3677532 0.3627071 0.3380094 0.3526159 0.3495653 0.3460714 0.3590342 0.3536713 0.3150075 0.3099577 0.3311326 0.3241911 0.2877159 0.2485294 0.2358217 0.2363644 0.2359077 0.2379042 0.2605543 0.2729244 0.2836412 0.2815311 0.0000000 0.0008931 0.0013419 0.2353776 0.2295891 0.2284195 0.2295434 0.2311850 0.2425727 0.2390431 0.2400473 0.2277717 0.2391682 0.2450516 0.2441104 0.2624839 0.2111948 0.2110832 0.2111948 0.2394269 0.2385554 0.2433960 0.2601203 0.2517418 0.2511091 0.2306231 0.2315618 0.2347522 0.2287455 0.2362858 0.2375761 0.2470092 0.2408350 0.2453009 0.2333036 0.2334087 0.2474209 0.2446090 0.2425516 0.2460649 0.2472897 0.2015976 0.2078434 0.2137045 0.2146472 0.2143021 0.2138368 0.2136921 0.2190636 0.2168511 0.2222538 0.2172956 0.2181745 0.2212018 0.2224926 0.2198812 0.2239864 0.2233653 0.2240126 0.2290242 0.2276197 0.2234679 0.2271119 0.2184711 0.2109285 0.2117417 0.2368245 0.2404543 0.2080499 0.2170889 
ASV_25     0.3014592 0.3168333 0.3138859 0.3135350 0.3132269 0.3159082 0.3169855 0.3167190 0.3169208 0.3146496 0.3157338 0.3608898 0.3836571 0.3647639 0.3620497 0.3352151 0.3519823 0.3467085 0.3454460 0.3583878 0.3530350 0.3144498 0.3073358 0.3283880 0.3214881 0.2871993 0.2494763 0.2354263 0.2359673 0.2355150 0.2375066 0.2605543 0.2739024 0.2843890 0.2822774 0.0008931 0.0000000 0.0004463 0.2362817 0.2304779 0.2293058 0.2304320 0.2333511 0.2404012 0.2368790 0.2378778 0.2289651 0.2404074 0.2459453 0.2450025 0.2638341 0.2120514 0.2119394 0.2120514 0.2416583 0.2407825 0.2456489 0.2589932 0.2530517 0.2520495 0.2315154 0.2324558 0.2347208 0.2279160 0.2354435 0.2371885 0.2482836 0.2420868 0.2465672 0.2354692 0.2355751 0.2478922 0.2450750 0.2430133 0.2465332 0.2477610 0.2024418 0.2087008 0.2145702 0.2155146 0.2151708 0.2147059 0.2145607 0.2211981 0.2177294 0.2244075 0.2194227 0.2203058 0.2233504 0.2246511 0.2220266 0.2261564 0.2255277 0.2261769 0.2312157 0.2298002 0.2256314 0.2292947 0.2191762 0.2116272 0.2124407 0.2375514 0.2411778 0.2101047 0.2177921 
