bray_curtis_binary	HY1_1	HY1_2	HY1_3	HY2_1	HY2_2	HY2_3	HY3_1	HY3_3
HY1_1	0	0.0761	0.121	0.427	0.420	0.429	0.990	0.970
HY1_2	0.0761	0	0.0962	0.422	0.414	0.423	0.969	0.970
HY1_3	0.121	0.0962	0	0.407	0.399	0.407	0.931	0.885
HY2_1	0.427	0.422	0.407	0	0.0671	0.0646	0.907	0.886
HY2_2	0.420	0.414	0.399	0.0671	0	0.0523	0.915	0.894
HY2_3	0.429	0.423	0.407	0.0646	0.0523	0	0.922	0.900
HY3_1	0.990	0.969	0.931	0.907	0.915	0.922	0	0.057
HY3_3	0.970	0.970	0.885	0.886	0.894	0.900	0.057	0
