jaccard	HY1_1	HY1_2	HY1_3	HY2_1	HY2_2	HY2_3	HY3_1	HY3_3
HY1_1	0	0.111	0.114	0.960	0.960	0.952	1.000	1.000
HY1_2	0.111	0	0.128	0.964	0.964	0.955	1.000	1.000
HY1_3	0.114	0.128	0	0.956	0.956	0.948	1.000	0.999
HY2_1	0.960	0.964	0.956	0	0.161	0.163	0.999	0.998
HY2_2	0.960	0.964	0.956	0.161	0	0.118	0.999	0.998
HY2_3	0.952	0.955	0.948	0.163	0.118	0	0.999	0.998
HY3_1	1.000	1.000	1.000	0.999	0.999	0.999	0	0.161
HY3_3	1.000	1.000	0.999	0.998	0.998	0.998	0.161	0
