100
ASV_12     0.0000000 0.0486544 0.3081224 0.3144804 0.3109968 0.2642754 0.2602078 0.2641019 0.2418835 0.2463302 0.2498661 0.2482988 0.2392494 0.2542400 0.2556931 0.2519772 0.2654984 0.2679373 0.2577383 0.2538600 0.2751059 0.2751059 0.2618308 0.2548010 0.2529205 0.2506551 0.2495440 0.2598369 0.2678182 0.2614419 0.2311856 0.2398442 0.2315960 0.2377872 0.2426380 0.2370782 0.2604107 0.2448620 0.2613108 0.2441667 0.2433943 0.2433943 0.2433943 0.2571884 0.2539487 0.2571884 0.2411477 0.2478826 0.2478826 0.2463240 0.2471224 0.2461310 0.2523791 0.2479844 0.2523791 0.2714489 0.2656122 0.2670090 0.2532581 0.2420021 0.2405629 0.2456824 0.2502313 0.2458399 0.2631878 0.2689107 0.2666514 0.2658212 0.2658212 0.2658212 0.2658212 0.2193438 0.2305089 0.2250463 0.2307927 0.2254508 0.2253472 0.2223149 0.2204828 0.2239876 0.2234510 0.2121109 0.2085738 0.2341161 0.2505827 0.2353585 0.2396901 0.2556718 0.2690757 0.2755295 0.2723557 0.2684349 0.2366966 0.2584054 0.2630287 0.2622395 0.2434876 0.2361591 0.2362165 0.2265753 
ASV_51     0.0486544 0.0000000 0.3044327 0.3307657 0.2773857 0.2640729 0.2588615 0.2624777 0.2515518 0.2609117 0.2645322 0.2683892 0.2529107 0.2761434 0.2697536 0.2736849 0.2889085 0.2915579 0.2788761 0.2748418 0.2814678 0.2814678 0.2712828 0.2642634 0.2570152 0.2547559 0.2652846 0.2682229 0.2434994 0.2428093 0.2208805 0.2297717 0.2380682 0.2442364 0.2421423 0.2366706 0.2229395 0.2041239 0.2330304 0.2270007 0.2221746 0.2221746 0.2221746 0.2392883 0.2273215 0.2350403 0.2349464 0.2406966 0.2364262 0.2496655 0.2344560 0.2393389 0.2453495 0.2496907 0.2453495 0.2594717 0.2503173 0.2516311 0.2458327 0.2349461 0.2293066 0.2301638 0.2386533 0.2344633 0.2318500 0.2415486 0.2436170 0.2428590 0.2428590 0.2385854 0.2385854 0.2249649 0.2268373 0.2175797 0.2074466 0.2271416 0.2231373 0.2331371 0.2234113 0.2201087 0.2195821 0.2288911 0.2154725 0.2389311 0.2831622 0.2694702 0.2627595 0.2807413 0.3001528 0.2890982 0.2887760 0.2831200 0.2350547 0.2795740 0.2804059 0.2795740 0.2524147 0.2406341 0.2644479 0.2368190 
ASV_40     0.3081224 0.3044327 0.0000000 0.0179823 0.3016433 0.2331630 0.2237689 0.2101150 0.2507521 0.2647518 0.2639401 0.2537964 0.2487583 0.2556846 0.2517890 0.2556846 0.2524904 0.2524904 0.2232386 0.2174309 0.2390188 0.2313064 0.2594616 0.2625593 0.2727174 0.2618078 0.2598615 0.2657003 0.2540695 0.2414271 0.2219209 0.3286300 0.3063929 0.3205956 0.3196315 0.3196315 0.3029357 0.2873229 0.2707984 0.2896746 0.2839482 0.2872784 0.2830709 0.2835292 0.2825700 0.2800212 0.2788263 0.2913442 0.3004319 0.3055929 0.2837070 0.2632770 0.2994978 0.3088046 0.3037539 0.2840571 0.2815979 0.2920065 0.2879070 0.3061977 0.3093601 0.2991086 0.2862896 0.2779396 0.2707656 0.2678540 0.2684297 0.2693917 0.2734995 0.2728119 0.2688123 0.2603619 0.2628921 0.2606980 0.2468129 0.2636250 0.2543547 0.2412242 0.2536881 0.2561974 0.2536702 0.2669792 0.2292136 0.3002930 0.3122950 0.3207816 0.3077297 0.3582025 0.3305282 0.3167207 0.2918386 0.3069516 0.2744615 0.2899329 0.2857914 0.2857914 0.2775672 0.2917156 0.3110700 0.3019673 
ASV_78     0.3144804 0.3307657 0.0179823 0.0000000 0.2744480 0.2097162 0.2114534 0.1858338 0.2468075 0.2553551 0.2502315 0.2406053 0.2314429 0.2497216 0.2459213 0.2497216 0.2279442 0.2279442 0.2127859 0.2043729 0.2142570 0.2069601 0.2611463 0.2506598 0.2605938 0.2576270 0.2457671 0.2515023 0.2513963 0.2401936 0.2303998 0.3373412 0.3147963 0.3292017 0.3282230 0.3282230 0.3196466 0.2953838 0.2864164 0.2916945 0.2907958 0.2857545 0.2898996 0.2855160 0.2947485 0.2868746 0.2833816 0.2933685 0.3025245 0.2862839 0.3037097 0.2712759 0.2941078 0.3033003 0.2983133 0.2876137 0.2732685 0.2834690 0.2951306 0.3190392 0.3222505 0.2978297 0.2849928 0.2899006 0.2908973 0.2879053 0.2885285 0.2896019 0.2854284 0.2847073 0.2805706 0.2611657 0.2717042 0.2660848 0.2598075 0.2677909 0.2629685 0.2513953 0.2536094 0.2592966 0.2642881 0.2678078 0.2460069 0.2979668 0.3085989 0.3011044 0.2804723 0.3565643 0.3206465 0.2948590 0.2829974 0.2943664 0.2539215 0.2919334 0.2878413 0.2878413 0.2702622 0.2758791 0.3028914 0.2821869 
ASV_110    0.3109968 0.2773857 0.3016433 0.2744480 0.0000000 0.1852779 0.2053269 0.1851425 0.2188265 0.1577657 0.1639480 0.1524476 0.1719387 0.1899052 0.1888421 0.1857779 0.1704515 0.1743913 0.1854090 0.1903983 0.1821487 0.1888243 0.1759905 0.1859483 0.1675210 0.1777977 0.1853010 0.1842069 0.2256841 0.1755246 0.2029975 0.2322597 0.2030891 0.2224152 0.2100485 0.2151381 0.1749126 0.1839658 0.1474698 0.2493057 0.2485226 0.2439751 0.2477422 0.2539470 0.2327743 0.2439751 0.2247349 0.2379771 0.2459409 0.2534578 0.2297871 0.2200845 0.2433434 0.2513581 0.2470318 0.2593571 0.2629129 0.2695955 0.2627728 0.2607922 0.2443011 0.2710680 0.2458313 0.2490338 0.2800507 0.2540147 0.2561801 0.2510502 0.2473468 0.2467414 0.2430675 0.2025083 0.1979812 0.1952871 0.1869572 0.1860712 0.1895514 0.1927780 0.1713408 0.1823663 0.1722201 0.2050895 0.2111629 0.1468512 0.2147450 0.1978312 0.2378247 0.2438912 0.2435185 0.2244460 0.2386540 0.2252499 0.1951177 0.2162789 0.2163636 0.2196334 0.2063031 0.1919475 0.1951631 0.1907313 
ASV_16     0.2642754 0.2640729 0.2331630 0.2097162 0.1852779 0.0000000 0.0211141 0.0263123 0.1237901 0.0813792 0.0767622 0.0798774 0.0827330 0.1188795 0.1187893 0.1191319 0.1003095 0.0976156 0.1071462 0.1172414 0.0921619 0.0873822 0.1104907 0.1100220 0.1157648 0.1135418 0.0822511 0.0919194 0.0998500 0.1019480 0.1048430 0.2562323 0.2204753 0.2342004 0.2432880 0.2417843 0.2010655 0.2016382 0.2016347 0.2622922 0.2614775 0.2614775 0.2606653 0.2441609 0.2091960 0.2369172 0.2346768 0.2485041 0.2566764 0.2267887 0.2412774 0.2298753 0.2328514 0.2405463 0.2363985 0.2272021 0.2235433 0.2250433 0.2144097 0.2298304 0.2258223 0.2236606 0.2271650 0.2229683 0.2522807 0.2362568 0.2298601 0.2222924 0.2229891 0.2306367 0.2270773 0.2225756 0.2039491 0.2027705 0.1809463 0.1864340 0.1878365 0.2015653 0.1869142 0.1807106 0.1835629 0.1835799 0.2149363 0.1547952 0.2069264 0.2167775 0.1775086 0.2153382 0.2337446 0.1900279 0.2107904 0.2033425 0.1845946 0.2013956 0.2052109 0.2046106 0.1779243 0.1778722 0.1654478 0.1795397 
ASV_8      0.2602078 0.2588615 0.2237689 0.2114534 0.2053269 0.0211141 0.0000000 0.0189900 0.1377507 0.0707554 0.0663646 0.0877678 0.0864876 0.0940943 0.0940083 0.0942701 0.0944554 0.0918471 0.1010124 0.1082429 0.0893656 0.0846445 0.1179442 0.1237640 0.1232482 0.1209719 0.0884954 0.0983532 0.1017181 0.0901536 0.0877996 0.2666181 0.2300047 0.2398602 0.2492013 0.2476362 0.1994837 0.2015785 0.1910177 0.2746082 0.2737679 0.2737679 0.2729301 0.2559578 0.2119613 0.2397723 0.2303910 0.2470408 0.2462825 0.2109509 0.2399559 0.2179456 0.2207132 0.2239895 0.2200408 0.2257708 0.2261790 0.2276607 0.2211265 0.2368815 0.2327443 0.2264449 0.2299538 0.2298042 0.2508064 0.2433322 0.2368990 0.2291824 0.2298942 0.2333065 0.2340290 0.2292952 0.2125442 0.2113018 0.1943273 0.2039074 0.2015467 0.1909553 0.1877355 0.1814953 0.1843643 0.1843917 0.2096103 0.1760616 0.2084149 0.2297952 0.1941414 0.2337687 0.2529222 0.2241882 0.2274953 0.2219780 0.2047366 0.2235839 0.2277047 0.2270307 0.1793896 0.1791873 0.1841760 0.1982523 
ASV_106    0.2641019 0.2624777 0.2101150 0.1858338 0.1851425 0.0263123 0.0189900 0.0000000 0.1236809 0.0756191 0.0711406 0.0831618 0.0900351 0.1097921 0.1097038 0.1100113 0.0809323 0.0785043 0.0868985 0.0986389 0.0798606 0.0844360 0.1387742 0.1305566 0.1193437 0.1277337 0.0948959 0.1047019 0.1056458 0.0990331 0.0966527 0.2652554 0.2313010 0.2455677 0.2550786 0.2534660 0.2098075 0.2053637 0.1878128 0.2679876 0.2671726 0.2625256 0.2663601 0.2498785 0.2071123 0.2341513 0.2359284 0.2454450 0.2533546 0.2321372 0.2356099 0.2352195 0.2382502 0.2459744 0.2418076 0.2471050 0.2431206 0.2445268 0.2240629 0.2314316 0.2207427 0.2333902 0.2138525 0.2326864 0.2624998 0.2461519 0.2397792 0.2320936 0.2285875 0.2361878 0.2326537 0.2202758 0.2191194 0.2140230 0.1972736 0.2068073 0.2044446 0.2019512 0.1986962 0.1923818 0.1952838 0.1954507 0.2174600 0.1650382 0.2198897 0.2117876 0.1845433 0.2338795 0.2230203 0.1963755 0.2209922 0.2221998 0.1944790 0.2161226 0.2135317 0.2129078 0.1877296 0.1939719 0.1861527 0.2015235 
ASV_53     0.2418835 0.2515518 0.2507521 0.2468075 0.2188265 0.1237901 0.1377507 0.1236809 0.0000000 0.0874290 0.0871796 0.0759211 0.0850020 0.0952707 0.0902456 0.0925620 0.0844494 0.0871097 0.0651890 0.0740167 0.0762439 0.0808233 0.1031025 0.1088577 0.1010828 0.1053100 0.0764373 0.0884563 0.0743830 0.0736625 0.0710096 0.2388280 0.2220247 0.2208452 0.2334416 0.2280939 0.2175212 0.2265153 0.2144006 0.2390553 0.2343244 0.2301952 0.2336279 0.2363441 0.2294008 0.2323226 0.2392587 0.2416399 0.2492539 0.2602982 0.2251844 0.2485336 0.2453198 0.2447370 0.2488986 0.2672966 0.2649081 0.2662470 0.2293895 0.2338095 0.2242853 0.2290153 0.2137973 0.2245189 0.2585440 0.2487659 0.2508405 0.2400313 0.2364988 0.2359351 0.2324312 0.1984249 0.2200650 0.2073553 0.1970660 0.1956790 0.1900823 0.1941410 0.2017056 0.2077071 0.2044415 0.2074210 0.2052545 0.1952462 0.2402383 0.1898173 0.2273259 0.2790868 0.2313306 0.2307262 0.2497380 0.2356192 0.1976134 0.2471672 0.2515271 0.2507916 0.2003935 0.2169590 0.2118050 0.1795696 
ASV_49     0.2463302 0.2609117 0.2647518 0.2553551 0.1577657 0.0813792 0.0707554 0.0756191 0.0874290 0.0000000 0.0033522 0.0213127 0.0267079 0.0544909 0.0587075 0.0566806 0.0673514 0.0672412 0.0551005 0.0612987 0.0516254 0.0558301 0.0817951 0.0784628 0.0646379 0.0714104 0.0582156 0.0714003 0.0722544 0.0647332 0.0743397 0.2253773 0.1873725 0.1963921 0.2082621 0.2032908 0.2064528 0.1749970 0.1636168 0.2360538 0.2353350 0.2324213 0.2317110 0.2374147 0.2031044 0.2223319 0.2110927 0.2223319 0.2298081 0.2457362 0.2366521 0.2414448 0.2508286 0.2502301 0.2544658 0.2579111 0.2494503 0.2508286 0.2230354 0.2224279 0.2120280 0.2365786 0.2208009 0.2236394 0.2539196 0.2380226 0.2317583 0.2243220 0.2250071 0.2325039 0.2290154 0.1913944 0.1941590 0.1870169 0.1779884 0.1834371 0.1779884 0.1656634 0.1785175 0.1852195 0.1751888 0.1830907 0.2036325 0.1492243 0.2252138 0.1837676 0.2046894 0.2359899 0.1918621 0.1933272 0.2114158 0.2074314 0.1692768 0.2169089 0.2209915 0.2203307 0.1812827 0.1769868 0.1746868 0.1761263 
ASV_45     0.2498661 0.2645322 0.2639401 0.2502315 0.1639480 0.0767622 0.0663646 0.0711406 0.0871796 0.0033522 0.0000000 0.0250174 0.0304534 0.0503915 0.0545484 0.0525436 0.0630762 0.0629748 0.0549497 0.0611313 0.0514826 0.0556756 0.0819011 0.0739245 0.0603044 0.0669780 0.0558933 0.0689423 0.0720513 0.0603893 0.0741308 0.2327030 0.1941657 0.2032908 0.2153705 0.2102907 0.2134571 0.1814563 0.1699361 0.2353350 0.2346186 0.2317110 0.2310031 0.2366896 0.1993205 0.2216516 0.2104496 0.2216516 0.2291100 0.2450006 0.2359341 0.2419353 0.2500788 0.2494825 0.2537077 0.2584457 0.2499623 0.2513399 0.2156325 0.2228705 0.2124421 0.2289255 0.2133952 0.2240858 0.2544413 0.2385043 0.2322281 0.2247705 0.2254576 0.2329712 0.2294752 0.1980854 0.2008080 0.1935430 0.1843143 0.1898913 0.1843143 0.1719005 0.1849468 0.1787021 0.1815734 0.1897202 0.2030159 0.1551178 0.2245530 0.1832101 0.1978078 0.2393830 0.1912806 0.1865641 0.2043625 0.2003703 0.1755086 0.2173317 0.2214237 0.2207610 0.1877685 0.1832910 0.1750011 0.1698867 
ASV_18     0.2482988 0.2683892 0.2537964 0.2406053 0.1524476 0.0798774 0.0877678 0.0831618 0.0759211 0.0213127 0.0250174 0.0000000 0.0173491 0.0610469 0.0653783 0.0633070 0.0603825 0.0602874 0.0484423 0.0544718 0.0590178 0.0632469 0.0777782 0.0861890 0.0720896 0.0791048 0.0654676 0.0790966 0.0772949 0.0649914 0.0794218 0.2467426 0.2141584 0.2238047 0.2367828 0.2312637 0.2123070 0.1955278 0.1725734 0.2422061 0.2414680 0.2444322 0.2407324 0.2466047 0.2153334 0.2351850 0.2115861 0.2255041 0.2330137 0.2422165 0.2317050 0.2379147 0.2472769 0.2466848 0.2508991 0.2542449 0.2531457 0.2471008 0.2429525 0.2380167 0.2269681 0.2485986 0.2436532 0.2436532 0.2635323 0.2589739 0.2524466 0.2443953 0.2481199 0.2560686 0.2523827 0.2012055 0.2127606 0.2104895 0.1980086 0.2039497 0.1980086 0.1570191 0.1728624 0.1793941 0.1696127 0.1736809 0.1870639 0.1322203 0.2052493 0.1919899 0.1879900 0.2408949 0.2165190 0.2099749 0.2211533 0.2107116 0.1653928 0.2089960 0.2129422 0.2123122 0.1678811 0.1730402 0.1623076 0.1582606 
ASV_42     0.2392494 0.2529107 0.2487583 0.2314429 0.1719387 0.0827330 0.0864876 0.0900351 0.0850020 0.0267079 0.0304534 0.0173491 0.0000000 0.0542984 0.0584954 0.0564776 0.0607336 0.0606373 0.0465970 0.0526145 0.0633491 0.0591406 0.0749117 0.0691868 0.0645310 0.0625319 0.0581219 0.0712786 0.0669225 0.0638323 0.0694807 0.2531435 0.2135927 0.2232001 0.2361190 0.2306270 0.2057203 0.1965879 0.1865604 0.2342595 0.2335417 0.2292962 0.2328263 0.2385657 0.2085556 0.2274086 0.2170399 0.2112297 0.2185231 0.2425650 0.2432000 0.2421714 0.2506721 0.2500678 0.2543461 0.2681743 0.2622822 0.2560114 0.2292456 0.2326824 0.2286520 0.2277163 0.2380655 0.2298812 0.2548186 0.2504431 0.2439986 0.2361679 0.2326174 0.2403200 0.2367404 0.1964797 0.2068962 0.1983584 0.1925220 0.1983055 0.1925220 0.1701650 0.1865952 0.1933740 0.1832364 0.1877201 0.2018092 0.1625352 0.2249698 0.1979522 0.1976935 0.2570667 0.2389325 0.2283283 0.2278990 0.2304509 0.1646300 0.2270399 0.2311994 0.2305156 0.1788712 0.1782683 0.1819232 0.1636786 
ASV_26     0.2542400 0.2761434 0.2556846 0.2497216 0.1899052 0.1188795 0.0940943 0.1097921 0.0952707 0.0544909 0.0503915 0.0610469 0.0542984 0.0000000 0.0033478 0.0016701 0.0482313 0.0481592 0.0463903 0.0483904 0.0731912 0.0687931 0.0765295 0.0666106 0.0612116 0.0569806 0.0652465 0.0885326 0.0870346 0.0602095 0.0650226 0.2719051 0.2312637 0.2298680 0.2430091 0.2374036 0.2001091 0.2097885 0.1972054 0.2544311 0.2581392 0.2611809 0.2573630 0.2516041 0.2299162 0.2503265 0.2407104 0.2400642 0.2393420 0.2384092 0.2505149 0.2454446 0.2434934 0.2386169 0.2427590 0.2428639 0.2537269 0.2569169 0.2340128 0.2399268 0.2357165 0.2337718 0.2301699 0.2271353 0.2539040 0.2567934 0.2503029 0.2393800 0.2430652 0.2465284 0.2472764 0.2256605 0.2108796 0.2124580 0.1988610 0.1947544 0.1926450 0.1676328 0.1778246 0.1742409 0.1770384 0.1824415 0.1921629 0.1985654 0.2315381 0.2037083 0.2078581 0.2591459 0.2430492 0.2431589 0.2236288 0.2263232 0.2011724 0.2302254 0.2343738 0.2336887 0.1914508 0.2079402 0.1939893 0.1852926 
ASV_92     0.2556931 0.2697536 0.2517890 0.2459213 0.1888421 0.1187893 0.0940083 0.1097038 0.0902456 0.0587075 0.0545484 0.0653783 0.0584954 0.0033478 0.0000000 0.0016645 0.0459650 0.0481012 0.0422923 0.0442630 0.0734067 0.0689920 0.0787951 0.0663241 0.0609550 0.0567436 0.0654346 0.0863806 0.0848728 0.0599618 0.0647502 0.2627779 0.2298746 0.2284922 0.2415370 0.2359758 0.1952386 0.2085704 0.1898434 0.2581392 0.2618713 0.2649293 0.2610867 0.2553052 0.2334587 0.2540116 0.2442828 0.2436217 0.2428912 0.2419987 0.2489891 0.2439406 0.2470923 0.2421773 0.2463495 0.2391433 0.2499380 0.2531119 0.2375525 0.2435273 0.2392462 0.2373040 0.2336809 0.2306333 0.2501151 0.2529979 0.2465372 0.2357172 0.2393800 0.2428212 0.2435606 0.2243604 0.2032235 0.2048187 0.1915833 0.1936715 0.1915833 0.1742409 0.1846429 0.1809865 0.1838302 0.1894851 0.1910897 0.1954021 0.2281020 0.1986972 0.2029595 0.2501776 0.2374395 0.2375369 0.2156645 0.2182434 0.1980022 0.2248923 0.2289733 0.2283045 0.1883429 0.2047207 0.1892373 0.1822559 
ASV_25     0.2519772 0.2736849 0.2556846 0.2497216 0.1857779 0.1191319 0.0942701 0.1100113 0.0925620 0.0566806 0.0525436 0.0633070 0.0564776 0.0016701 0.0016645 0.0000000 0.0460890 0.0482313 0.0442572 0.0462387 0.0756063 0.0711668 0.0765295 0.0641557 0.0588457 0.0546531 0.0676172 0.0886972 0.0871965 0.0578916 0.0626388 0.2665474 0.2264258 0.2250597 0.2380040 0.2324951 0.1958234 0.2053224 0.1930028 0.2544311 0.2581392 0.2611809 0.2573630 0.2516041 0.2299162 0.2503265 0.2407104 0.2400642 0.2393420 0.2384092 0.2454004 0.2403551 0.2434934 0.2386169 0.2427590 0.2428639 0.2537269 0.2569169 0.2340128 0.2399268 0.2357165 0.2337718 0.2301699 0.2271353 0.2539040 0.2567934 0.2503029 0.2393800 0.2430652 0.2465284 0.2472764 0.2210758 0.2064825 0.2080676 0.1947032 0.1906126 0.1885581 0.1713283 0.1816584 0.1780266 0.1808556 0.1864112 0.1880257 0.1985654 0.2315381 0.1993015 0.2035534 0.2539021 0.2381407 0.2382397 0.2190306 0.2216534 0.2011724 0.2255530 0.2296445 0.2289733 0.1914508 0.2079402 0.1898030 0.1852926 
ASV_20     0.2654984 0.2889085 0.2524904 0.2279442 0.1704515 0.1003095 0.0944554 0.0809323 0.0844494 0.0673514 0.0630762 0.0603825 0.0607336 0.0482313 0.0459650 0.0460890 0.0000000 0.0016702 0.0284584 0.0379434 0.0679525 0.0723290 0.0960592 0.0841615 0.0746749 0.0817828 0.0841722 0.1064997 0.0995220 0.0762810 0.0815003 0.2637571 0.2341830 0.2370229 0.2505998 0.2447897 0.1984630 0.2190011 0.1934589 0.2728886 0.2767726 0.2720682 0.2759437 0.2699835 0.2369664 0.2578187 0.2491624 0.2514533 0.2594155 0.2709568 0.2570895 0.2651907 0.2715495 0.2709005 0.2753681 0.2489798 0.2647358 0.2583895 0.2465432 0.2514541 0.2398433 0.2536060 0.2327604 0.2528348 0.2661204 0.2657604 0.2504084 0.2478674 0.2442091 0.2521602 0.2484716 0.2215310 0.2174633 0.2124316 0.2089878 0.2123360 0.2099963 0.1967746 0.2015402 0.1976877 0.2006609 0.2095257 0.2080613 0.1792614 0.2416934 0.1821877 0.1813526 0.2622966 0.2202666 0.2108138 0.2393930 0.2257342 0.2005848 0.2262640 0.2303207 0.2296546 0.2229411 0.2156236 0.1764422 0.1871761 
ASV_23     0.2679373 0.2915579 0.2524904 0.2279442 0.1743913 0.0976156 0.0918471 0.0785043 0.0871097 0.0672412 0.0629748 0.0602874 0.0606373 0.0481592 0.0481012 0.0482313 0.0016702 0.0000000 0.0304206 0.0399947 0.0678400 0.0722071 0.0960592 0.0868067 0.0772112 0.0844004 0.0840186 0.1037168 0.0968042 0.0788133 0.0841076 0.2691625 0.2392181 0.2420874 0.2558684 0.2499573 0.2027538 0.2237330 0.1977184 0.2728886 0.2767726 0.2720682 0.2759437 0.2699835 0.2369664 0.2578187 0.2491624 0.2514533 0.2594155 0.2709568 0.2623985 0.2706631 0.2715495 0.2709005 0.2753681 0.2489798 0.2647358 0.2583895 0.2465432 0.2514541 0.2398433 0.2536060 0.2327604 0.2528348 0.2661204 0.2657604 0.2504084 0.2478674 0.2442091 0.2521602 0.2484716 0.2262174 0.2220500 0.2169312 0.2133886 0.2168210 0.2144216 0.1962302 0.2009739 0.1971373 0.2000989 0.2089159 0.2125449 0.1792614 0.2416934 0.1862519 0.1852846 0.2676678 0.2248837 0.2153297 0.2443395 0.2305064 0.2005848 0.2308986 0.2350115 0.2343317 0.2229411 0.2156236 0.1803413 0.1871761 
ASV_69     0.2577383 0.2788761 0.2232386 0.2127859 0.1854090 0.1071462 0.1010124 0.0868985 0.0651890 0.0551005 0.0549497 0.0484423 0.0465970 0.0463903 0.0422923 0.0442572 0.0284584 0.0304206 0.0000000 0.0084009 0.0474786 0.0514678 0.0955076 0.0840357 0.0745612 0.0816600 0.0674913 0.0885075 0.0734959 0.0737800 0.0670317 0.2634535 0.2327100 0.2355373 0.2490361 0.2432631 0.2123460 0.2210193 0.1927748 0.2588887 0.2625957 0.2581169 0.2618156 0.2560762 0.2431742 0.2445956 0.2376652 0.2387241 0.2463129 0.2571521 0.2441146 0.2602253 0.2578143 0.2572075 0.2614581 0.2558423 0.2716113 0.2652132 0.2612491 0.2619436 0.2499919 0.2686140 0.2471506 0.2633712 0.2730086 0.2637393 0.2572203 0.2461517 0.2425543 0.2503715 0.2467440 0.2282150 0.2290071 0.2237818 0.2174070 0.2187748 0.2163607 0.1889387 0.2066701 0.1948492 0.1988064 0.2148055 0.1989369 0.1813168 0.2357382 0.2020911 0.2291819 0.2675216 0.2357266 0.2314099 0.2241913 0.2110743 0.2019464 0.2364365 0.2406704 0.2399654 0.2155874 0.2148671 0.1976926 0.1939432 
ASV_109    0.2538600 0.2748418 0.2174309 0.2043729 0.1903983 0.1172414 0.1082429 0.0986389 0.0740167 0.0612987 0.0611313 0.0544718 0.0526145 0.0483904 0.0442630 0.0462387 0.0379434 0.0399947 0.0084009 0.0000000 0.0494477 0.0534605 0.0901448 0.0789782 0.0740651 0.0811125 0.0763860 0.0979748 0.0823579 0.0780115 0.0711972 0.2648281 0.2341044 0.2369266 0.2504223 0.2446464 0.2176168 0.2223968 0.1942926 0.2509476 0.2546096 0.2501927 0.2538462 0.2481459 0.2466940 0.2411578 0.2302573 0.2313531 0.2388437 0.2487905 0.2480235 0.2580815 0.2618886 0.2612717 0.2655695 0.2580173 0.2738224 0.2643261 0.2649112 0.2580055 0.2461787 0.2754812 0.2463026 0.2624833 0.2752266 0.2628593 0.2563529 0.2453181 0.2417293 0.2495269 0.2459081 0.2261915 0.2203903 0.2153091 0.2128295 0.2141635 0.2118066 0.1874386 0.2050086 0.1933043 0.1972287 0.2092149 0.1972075 0.1799783 0.2377483 0.2078731 0.2350246 0.2624674 0.2377756 0.2334746 0.2262020 0.2130724 0.2076663 0.2384741 0.2427166 0.2420082 0.2175730 0.2141495 0.2033487 0.1994154 
ASV_59     0.2751059 0.2814678 0.2390188 0.2142570 0.1821487 0.0921619 0.0893656 0.0798606 0.0762439 0.0516254 0.0514826 0.0590178 0.0633491 0.0731912 0.0734067 0.0756063 0.0679525 0.0678400 0.0474786 0.0494477 0.0000000 0.0033647 0.0924740 0.0827109 0.0733879 0.0805613 0.0658086 0.0892777 0.0580331 0.0566823 0.0697724 0.2747376 0.2384783 0.2488032 0.2629315 0.2568526 0.2248979 0.2219746 0.1834693 0.2551723 0.2543997 0.2499429 0.2536297 0.2523329 0.2259161 0.2365155 0.2340062 0.2240947 0.2315521 0.2504146 0.2395855 0.2493609 0.2555793 0.2635916 0.2592590 0.2664944 0.2698822 0.2711828 0.2551328 0.2588642 0.2484042 0.2655158 0.2440905 0.2602842 0.2780479 0.2608238 0.2542434 0.2461028 0.2424623 0.2503736 0.2467022 0.2181111 0.2159327 0.2070260 0.2057451 0.2109013 0.2047466 0.1966140 0.1976338 0.1860529 0.1899650 0.2055476 0.2108618 0.1779377 0.2348144 0.2075142 0.2218502 0.2639032 0.2450231 0.2283917 0.2211881 0.2157420 0.2014703 0.2417441 0.2460874 0.2453593 0.2136649 0.2129460 0.1991370 0.1813952 
ASV_87     0.2751059 0.2814678 0.2313064 0.2069601 0.1888243 0.0873822 0.0846445 0.0844360 0.0808233 0.0558301 0.0556756 0.0632469 0.0591406 0.0687931 0.0689920 0.0711668 0.0723290 0.0722071 0.0514678 0.0534605 0.0033647 0.0000000 0.0875668 0.0780494 0.0780220 0.0759192 0.0614188 0.0845645 0.0538226 0.0524352 0.0653609 0.2832981 0.2392187 0.2495665 0.2637314 0.2576350 0.2176341 0.2226568 0.1902446 0.2559474 0.2551723 0.2507045 0.2543997 0.2531037 0.2266156 0.2372406 0.2347117 0.2247776 0.2322538 0.2426329 0.2474132 0.2415515 0.2476967 0.2555793 0.2513210 0.2581883 0.2615960 0.2629332 0.2471295 0.2596512 0.2564817 0.2573065 0.2521697 0.2521697 0.2695659 0.2527103 0.2462018 0.2382627 0.2346742 0.2424623 0.2388440 0.2187674 0.2088809 0.2001429 0.1989187 0.2039673 0.1979533 0.1900831 0.1909733 0.1796753 0.1835187 0.1986503 0.2040144 0.1843486 0.2275202 0.2081446 0.2147379 0.2647037 0.2528772 0.2360566 0.2139974 0.2163957 0.1947065 0.2342058 0.2384785 0.2377690 0.2066895 0.2059897 0.1923853 0.1751037 
ASV_378    0.2618308 0.2712828 0.2594616 0.2611463 0.1759905 0.1104907 0.1179442 0.1387742 0.1031025 0.0817951 0.0819011 0.0777782 0.0749117 0.0765295 0.0787951 0.0765295 0.0960592 0.0960592 0.0955076 0.0901448 0.0924740 0.0875668 0.0000000 0.0338333 0.0442427 0.0422798 0.0687654 0.0779483 0.0949443 0.0762404 0.0987169 0.2288164 0.1909523 0.1994926 0.2014882 0.2064334 0.2080460 0.2060576 0.2095614 0.2710609 0.2747711 0.2747711 0.2739469 0.2681614 0.2497296 0.2804844 0.2623105 0.2701686 0.2618073 0.2527320 0.2653416 0.2382159 0.2562432 0.2481760 0.2524521 0.2491124 0.2599861 0.2606586 0.2503724 0.2508643 0.2494029 0.2450584 0.2589231 0.2458651 0.2594452 0.2653197 0.2631240 0.2547548 0.2555291 0.2517240 0.2555291 0.2116572 0.1901402 0.1946765 0.1904080 0.1740268 0.1868179 0.1985332 0.1970211 0.2003663 0.1961373 0.1920363 0.2170620 0.1575546 0.2241469 0.2225018 0.2370094 0.2373066 0.2562295 0.2275551 0.2272161 0.2193551 0.2055811 0.2323733 0.2324610 0.2358706 0.2014653 0.2004184 0.1991665 0.1792445 
ASV_86     0.2548010 0.2642634 0.2625593 0.2506598 0.1859483 0.1100220 0.1237640 0.1305566 0.1088577 0.0784628 0.0739245 0.0861890 0.0691868 0.0666106 0.0663241 0.0641557 0.0841615 0.0868067 0.0840357 0.0789782 0.0827109 0.0780494 0.0338333 0.0000000 0.0120917 0.0103531 0.0534750 0.0688534 0.0666963 0.0646455 0.0745436 0.2561715 0.2119449 0.2146140 0.2270868 0.2218081 0.2137061 0.2186585 0.2300847 0.2586089 0.2622317 0.2622317 0.2660358 0.2603058 0.2331932 0.2616532 0.2715985 0.2649159 0.2654681 0.2789419 0.2845810 0.2748070 0.2960384 0.2918492 0.2918492 0.2752142 0.2867837 0.2847734 0.2323234 0.2410208 0.2381397 0.2375251 0.2411132 0.2369502 0.2670792 0.2550549 0.2485689 0.2406226 0.2370421 0.2375251 0.2412056 0.2138951 0.1950912 0.1939806 0.1888690 0.1814585 0.1828681 0.2050415 0.1961236 0.1923070 0.1952591 0.2001416 0.2150834 0.1724802 0.2522001 0.2100241 0.2510982 0.2642137 0.2717686 0.2329959 0.2324296 0.2405410 0.2173320 0.2449354 0.2492543 0.2485276 0.2306173 0.2329392 0.2182693 0.1987639 
ASV_9      0.2529205 0.2570152 0.2727174 0.2605938 0.1675210 0.1157648 0.1232482 0.1193437 0.1010828 0.0646379 0.0603044 0.0720896 0.0645310 0.0612116 0.0609550 0.0588457 0.0746749 0.0772112 0.0745612 0.0740651 0.0733879 0.0780220 0.0442427 0.0120917 0.0000000 0.0050560 0.0486540 0.0635792 0.0667539 0.0617454 0.0714238 0.2333393 0.2050881 0.2077012 0.2198149 0.2147081 0.2112985 0.2025911 0.2091835 0.2354203 0.2388268 0.2388268 0.2424052 0.2369273 0.2079536 0.2341045 0.2502803 0.2440370 0.2445397 0.2661564 0.2552865 0.2622619 0.2827157 0.2786550 0.2786550 0.2717378 0.2784733 0.2844147 0.2324496 0.2286643 0.2192179 0.2239185 0.2230249 0.2341266 0.2637952 0.2549673 0.2485412 0.2406702 0.2371236 0.2376020 0.2412476 0.2089054 0.1996139 0.1984811 0.1907628 0.1833711 0.1847677 0.2032038 0.1943996 0.1906191 0.1935455 0.2081108 0.2209267 0.1675748 0.2457802 0.2065548 0.2532507 0.2749646 0.2652413 0.2357082 0.2453280 0.2454358 0.2191400 0.2541019 0.2585251 0.2577734 0.2222451 0.2205772 0.2228204 0.2027906 
ASV_31     0.2506551 0.2547559 0.2618078 0.2576270 0.1777977 0.1135418 0.1209719 0.1277337 0.1053100 0.0714104 0.0669780 0.0791048 0.0625319 0.0569806 0.0567436 0.0546531 0.0817828 0.0844004 0.0816600 0.0811125 0.0805613 0.0759192 0.0422798 0.0103531 0.0050560 0.0000000 0.0467443 0.0616084 0.0646842 0.0550439 0.0644340 0.2387941 0.2039925 0.2065910 0.2186202 0.2135523 0.2026860 0.2015193 0.2144955 0.2340796 0.2374638 0.2374638 0.2410188 0.2355704 0.2068169 0.2327776 0.2488132 0.2426202 0.2431179 0.2524508 0.2611868 0.2487847 0.2685278 0.2645807 0.2645807 0.2577618 0.2643192 0.2701758 0.2230311 0.2273775 0.2247255 0.2147288 0.2286152 0.2246160 0.2533996 0.2449157 0.2386077 0.2310220 0.2275563 0.2280111 0.2315742 0.2077990 0.1914859 0.1904122 0.1830028 0.1757182 0.1771317 0.1921768 0.1838036 0.1801328 0.1829890 0.1968548 0.2092517 0.1774181 0.2430428 0.2078116 0.2463381 0.2767252 0.2744243 0.2440618 0.2385639 0.2469674 0.2104471 0.2472197 0.2515896 0.2508524 0.2158224 0.2141966 0.2162390 0.1944695 
ASV_28     0.2495440 0.2652846 0.2598615 0.2457671 0.1853010 0.0822511 0.0884954 0.0948959 0.0764373 0.0582156 0.0558933 0.0654676 0.0581219 0.0652465 0.0654346 0.0676172 0.0841722 0.0840186 0.0674913 0.0763860 0.0658086 0.0614188 0.0687654 0.0534750 0.0486540 0.0467443 0.0000000 0.0173380 0.0463249 0.0663593 0.0591466 0.2240350 0.1963227 0.1989157 0.2108063 0.2058191 0.2138551 0.2003388 0.2062533 0.2372259 0.2406243 0.2406243 0.2441941 0.2387356 0.2216091 0.2359048 0.2564225 0.2458453 0.2463491 0.2588637 0.2592449 0.2641824 0.2641100 0.2558472 0.2602310 0.2592525 0.2658612 0.2717556 0.2255756 0.2371353 0.2343291 0.2171481 0.2384303 0.2343128 0.2517809 0.2432883 0.2369535 0.2293585 0.2258804 0.2263344 0.2299105 0.2094250 0.1876706 0.1866111 0.1827113 0.1779646 0.1793831 0.1753385 0.1722799 0.1702487 0.1710574 0.1740736 0.1998464 0.1666904 0.2209829 0.1872078 0.2220909 0.2600556 0.2380677 0.2239551 0.2147352 0.2221822 0.1826036 0.2268152 0.2309694 0.2302867 0.1844091 0.1936513 0.2029469 0.1677287 
ASV_657    0.2598369 0.2682229 0.2657003 0.2515023 0.1842069 0.0919194 0.0983532 0.1047019 0.0884563 0.0714003 0.0689423 0.0790966 0.0712786 0.0885326 0.0863806 0.0886972 0.1064997 0.1037168 0.0885075 0.0979748 0.0892777 0.0845645 0.0779483 0.0688534 0.0635792 0.0616084 0.0173380 0.0000000 0.0637313 0.0875962 0.0797026 0.2175813 0.2116550 0.2180577 0.2121950 0.2109415 0.2114710 0.2156423 0.2039497 0.2227737 0.2260497 0.2260497 0.2294917 0.2241715 0.2077641 0.2261960 0.2409637 0.2357247 0.2362038 0.2592964 0.2640004 0.2729948 0.2706616 0.2623237 0.2667503 0.2596895 0.2662492 0.2776354 0.2262392 0.2377147 0.2349244 0.2178733 0.2390013 0.2349139 0.2522609 0.2438251 0.2375392 0.2299944 0.2265426 0.2269942 0.2305430 0.2144976 0.1891198 0.1914921 0.1874973 0.1794352 0.1808380 0.1752361 0.1721797 0.1701500 0.1709580 0.1933178 0.2165219 0.1681982 0.2250430 0.1850233 0.2054071 0.2526095 0.2311647 0.2174870 0.2085025 0.2156509 0.1771683 0.2202826 0.2243411 0.2236807 0.1789030 0.1879604 0.1969232 0.1567432 
ASV_34     0.2678182 0.2434994 0.2540695 0.2513963 0.2256841 0.0998500 0.1017181 0.1056458 0.0743830 0.0722544 0.0720513 0.0772949 0.0669225 0.0870346 0.0848728 0.0871965 0.0995220 0.0968042 0.0734959 0.0823579 0.0580331 0.0538226 0.0949443 0.0666963 0.0667539 0.0646842 0.0463249 0.0637313 0.0000000 0.0510167 0.0469598 0.2492449 0.2345818 0.2262522 0.2393621 0.2337804 0.2176116 0.1721621 0.1969355 0.2147609 0.2141101 0.2141101 0.2174551 0.2160967 0.2022562 0.2167570 0.2183999 0.2213452 0.2217859 0.2344641 0.2367319 0.2330090 0.2410736 0.2415663 0.2373892 0.2357916 0.2362875 0.2414851 0.2050808 0.2231382 0.2152378 0.2056630 0.2250041 0.2171036 0.2212427 0.2208871 0.2147375 0.2076907 0.2043478 0.2047525 0.2081902 0.1908590 0.1946998 0.1899969 0.1814084 0.1860924 0.1805460 0.1815835 0.1895546 0.1780967 0.1820001 0.1763661 0.1691379 0.1793755 0.2265610 0.1983910 0.2242372 0.2822189 0.2570444 0.2497997 0.2348034 0.2432136 0.1936981 0.2664596 0.2711535 0.2703467 0.1960215 0.2020018 0.2310986 0.1871874 
ASV_21     0.2614419 0.2428093 0.2414271 0.2401936 0.1755246 0.1019480 0.0901536 0.0990331 0.0736625 0.0647332 0.0603893 0.0649914 0.0638323 0.0602095 0.0599618 0.0578916 0.0762810 0.0788133 0.0737800 0.0780115 0.0566823 0.0524352 0.0762404 0.0646455 0.0617454 0.0550439 0.0663593 0.0875962 0.0510167 0.0000000 0.0265090 0.2251796 0.1982499 0.1971838 0.2091089 0.2041121 0.1685445 0.1621803 0.1561759 0.2136662 0.2130120 0.2158098 0.2123603 0.2109736 0.1899636 0.2155227 0.1946858 0.1986067 0.2055673 0.2054152 0.1970756 0.1824047 0.2010718 0.2081787 0.2043686 0.2272121 0.2208522 0.2226835 0.1850910 0.2029935 0.1996137 0.2008870 0.2067463 0.1965241 0.2207541 0.2192850 0.2171173 0.2100466 0.2134935 0.2168719 0.2134935 0.1653663 0.1641204 0.1624551 0.1527330 0.1575603 0.1527330 0.1542326 0.1512634 0.1455305 0.1481767 0.1504036 0.1478622 0.1702646 0.1976379 0.2048655 0.2035155 0.2611051 0.2576287 0.2289335 0.2215139 0.2187894 0.1882537 0.2133781 0.2174647 0.2168072 0.1839500 0.1788679 0.1929659 0.1764838 
ASV_427    0.2311856 0.2208805 0.2219209 0.2303998 0.2029975 0.1048430 0.0877996 0.0966527 0.0710096 0.0743397 0.0741308 0.0794218 0.0694807 0.0650226 0.0647502 0.0626388 0.0815003 0.0841076 0.0670317 0.0711972 0.0697724 0.0653609 0.0987169 0.0745436 0.0714238 0.0644340 0.0591466 0.0797026 0.0469598 0.0265090 0.0000000 0.2391951 0.2037929 0.2026918 0.2148612 0.2097453 0.1768774 0.1735384 0.1680551 0.2258527 0.2251664 0.2280167 0.2244825 0.2231310 0.2084372 0.2198483 0.2051419 0.2129456 0.2201184 0.2178053 0.2118218 0.2182001 0.2161396 0.2233960 0.2194947 0.2381715 0.2387924 0.2407879 0.1980639 0.2196935 0.2159507 0.2184370 0.2127342 0.2060442 0.2386564 0.2299475 0.2277857 0.2204540 0.2239671 0.2274116 0.2239671 0.1900643 0.1824660 0.1805709 0.1758118 0.1752038 0.1699701 0.1726052 0.1670500 0.1692631 0.1663015 0.1564691 0.1547521 0.1686485 0.2132071 0.2035777 0.2200713 0.2693912 0.2520876 0.2364340 0.2358450 0.2330717 0.2013065 0.2233647 0.2275267 0.2268462 0.1908098 0.1928078 0.2123231 0.1963952 
ASV_64     0.2398442 0.2297717 0.3286300 0.3373412 0.2322597 0.2562323 0.2666181 0.2652554 0.2388280 0.2253773 0.2327030 0.2467426 0.2531435 0.2719051 0.2627779 0.2665474 0.2637571 0.2691625 0.2634535 0.2648281 0.2747376 0.2832981 0.2288164 0.2561715 0.2333393 0.2387941 0.2240350 0.2175813 0.2492449 0.2251796 0.2391951 0.0000000 0.0541176 0.0479537 0.0417865 0.0439693 0.1258730 0.0895535 0.1123606 0.1902247 0.1967839 0.1942004 0.1936303 0.1841515 0.2044067 0.2074550 0.2169230 0.2120400 0.2124497 0.2522052 0.2298699 0.2266833 0.2439660 0.2444406 0.2404438 0.2177153 0.2300029 0.2484083 0.2234180 0.2318329 0.2215106 0.2170295 0.2225644 0.2177718 0.2183207 0.2085659 0.2242227 0.2235709 0.2242227 0.2171048 0.2204407 0.1811130 0.1623579 0.1671615 0.1395863 0.1337038 0.1476822 0.1919479 0.1768964 0.1827367 0.1788253 0.1930531 0.2076135 0.1656296 0.1952070 0.1530018 0.2067969 0.2151092 0.1782123 0.1726871 0.1789139 0.1843418 0.1513379 0.1681666 0.1657823 0.1686624 0.1556324 0.1608628 0.2047733 0.1727010 
ASV_54     0.2315960 0.2380682 0.3063929 0.3147963 0.2030891 0.2204753 0.2300047 0.2313010 0.2220247 0.1873725 0.1941657 0.2141584 0.2135927 0.2312637 0.2298746 0.2264258 0.2341830 0.2392181 0.2327100 0.2341044 0.2384783 0.2392187 0.1909523 0.2119449 0.2050881 0.2039925 0.1963227 0.2116550 0.2345818 0.1982499 0.2037929 0.0541176 0.0000000 0.0118412 0.0135062 0.0153140 0.1190771 0.0839712 0.1063704 0.1946278 0.2013644 0.1987205 0.1981289 0.1884027 0.2018407 0.2049215 0.2183142 0.2133352 0.2205707 0.2727759 0.2480790 0.2320877 0.2561709 0.2641749 0.2598471 0.2505875 0.2644904 0.2854048 0.2494998 0.2308077 0.2322093 0.2314675 0.2254420 0.2215541 0.2509719 0.2484140 0.2504597 0.2426723 0.2433925 0.2428199 0.2393188 0.1634012 0.1699823 0.1750380 0.1555336 0.1381106 0.1523919 0.2142958 0.1940769 0.2106854 0.2000040 0.1854523 0.2025877 0.1717470 0.2246934 0.1811884 0.2289049 0.2159099 0.2131871 0.1934953 0.2029143 0.1971291 0.1862873 0.1954292 0.1928798 0.1960150 0.1980073 0.2037891 0.2359313 0.2129336 
ASV_91     0.2377872 0.2442364 0.3205956 0.3292017 0.2224152 0.2342004 0.2398602 0.2455677 0.2208452 0.1963921 0.2032908 0.2238047 0.2232001 0.2298680 0.2284922 0.2250597 0.2370229 0.2420874 0.2355373 0.2369266 0.2488032 0.2495665 0.1994926 0.2146140 0.2077012 0.2065910 0.1989157 0.2180577 0.2262522 0.1971838 0.2026918 0.0479537 0.0118412 0.0000000 0.0050067 0.0033136 0.1151343 0.0773777 0.1116489 0.2061013 0.2129598 0.2102909 0.2096738 0.1997980 0.2136179 0.2167458 0.2306358 0.2255267 0.2259705 0.2740160 0.2580756 0.2437627 0.2648857 0.2654202 0.2611013 0.2518533 0.2657322 0.2866190 0.2425246 0.2361940 0.2376258 0.2299684 0.2308125 0.2268980 0.2522280 0.2569253 0.2590347 0.2481867 0.2489167 0.2412246 0.2448136 0.1625898 0.1609510 0.1609513 0.1493313 0.1393936 0.1506904 0.2027914 0.1833436 0.1994126 0.1890100 0.1782919 0.1951412 0.1752151 0.2128038 0.1724127 0.2262029 0.2170222 0.2210071 0.2094126 0.2087665 0.2028051 0.1843692 0.2017328 0.2029376 0.2023340 0.1942286 0.1999625 0.2399851 0.2016895 
ASV_88     0.2426380 0.2421423 0.3196315 0.3282230 0.2100485 0.2432880 0.2492013 0.2550786 0.2334416 0.2082621 0.2153705 0.2367828 0.2361190 0.2430091 0.2415370 0.2380040 0.2505998 0.2558684 0.2490361 0.2504223 0.2629315 0.2637314 0.2014882 0.2270868 0.2198149 0.2186202 0.2108063 0.2121950 0.2393621 0.2091089 0.2148612 0.0417865 0.0135062 0.0050067 0.0000000 0.0016580 0.1169881 0.0814525 0.1034574 0.1992616 0.2060190 0.2033762 0.2027767 0.1930313 0.2065662 0.2096528 0.2231888 0.2181782 0.2186055 0.2823590 0.2644909 0.2500031 0.2729867 0.2735376 0.2691439 0.2596828 0.2738362 0.2951576 0.2501764 0.2436385 0.2451220 0.2373048 0.2381959 0.2342171 0.2600020 0.2647910 0.2669719 0.2558913 0.2566395 0.2488264 0.2524673 0.1725870 0.1661666 0.1711307 0.1588958 0.1412742 0.1557164 0.2006997 0.1812911 0.1973453 0.1869388 0.1894228 0.2067673 0.1687538 0.2199391 0.1703425 0.2202645 0.2049741 0.2087587 0.1976593 0.2007723 0.1950044 0.1778882 0.1938840 0.1913541 0.1944624 0.1874469 0.1931181 0.2312027 0.1949362 
ASV_84     0.2370782 0.2366706 0.3196315 0.3282230 0.2151381 0.2417843 0.2476362 0.2534660 0.2280939 0.2032908 0.2102907 0.2312637 0.2306270 0.2374036 0.2359758 0.2324951 0.2447897 0.2499573 0.2432631 0.2446464 0.2568526 0.2576350 0.2064334 0.2218081 0.2147081 0.2135523 0.2058191 0.2109415 0.2337804 0.2041121 0.2097453 0.0439693 0.0153140 0.0033136 0.0016580 0.0000000 0.1203058 0.0817557 0.1065721 0.1992616 0.2060190 0.2033762 0.2027767 0.1930313 0.2065662 0.2096528 0.2231888 0.2181782 0.2186055 0.2823590 0.2660102 0.2514160 0.2729867 0.2735376 0.2691439 0.2596828 0.2738362 0.2951576 0.2501764 0.2436385 0.2451220 0.2373048 0.2381959 0.2342171 0.2600020 0.2647910 0.2669719 0.2558913 0.2566395 0.2488264 0.2524673 0.1684970 0.1669770 0.1669703 0.1550229 0.1449947 0.1564485 0.1959037 0.1768932 0.1926593 0.1824112 0.1848149 0.2019027 0.1687538 0.2199391 0.1660799 0.2189542 0.2099185 0.2137966 0.2024633 0.2018340 0.1960198 0.1778882 0.1949015 0.1960709 0.1954850 0.1874469 0.1931181 0.2324804 0.1949362 
ASV_101    0.2604107 0.2229395 0.3029357 0.3196466 0.1749126 0.2010655 0.1994837 0.2098075 0.2175212 0.2064528 0.2134571 0.2123070 0.2057203 0.2001091 0.1952386 0.1958234 0.1984630 0.2027538 0.2123460 0.2176168 0.2248979 0.2176341 0.2080460 0.2137061 0.2112985 0.2026860 0.2138551 0.2114710 0.2176116 0.1685445 0.1768774 0.1258730 0.1190771 0.1151343 0.1169881 0.1203058 0.0000000 0.0995740 0.0759066 0.1935979 0.2004294 0.2031164 0.1998251 0.1963401 0.1799312 0.1984683 0.1863185 0.1913845 0.1917397 0.2011748 0.1935892 0.1891762 0.2066920 0.2070860 0.2034020 0.1899488 0.2015916 0.2112199 0.1831814 0.1967366 0.1900045 0.1969506 0.1897728 0.1801711 0.2017468 0.1878977 0.1893319 0.1807098 0.1838122 0.1773015 0.1803812 0.1629019 0.1366199 0.1455528 0.1288656 0.1232692 0.1346208 0.1568880 0.1437208 0.1473373 0.1383598 0.1598547 0.1633307 0.1583717 0.1734357 0.1825869 0.2233107 0.2355851 0.2329173 0.2209801 0.2277117 0.2250444 0.1723305 0.1813999 0.1814770 0.1844806 0.1874513 0.1858949 0.1975878 0.1859819 
ASV_81     0.2448620 0.2041239 0.2873229 0.2953838 0.1839658 0.2016382 0.2015785 0.2053637 0.2265153 0.1749970 0.1814563 0.1955278 0.1965879 0.2097885 0.2085704 0.2053224 0.2190011 0.2237330 0.2210193 0.2223968 0.2219746 0.2226568 0.2060576 0.2186585 0.2025911 0.2015193 0.2003388 0.2156423 0.1721621 0.1621803 0.1735384 0.0895535 0.0839712 0.0773777 0.0814525 0.0817557 0.0995740 0.0000000 0.0707138 0.1738066 0.1801152 0.1836394 0.1830992 0.1798454 0.1816431 0.1963939 0.2055190 0.2008059 0.2077120 0.2313770 0.2025335 0.1914195 0.2166997 0.2239742 0.2200631 0.2190755 0.2247854 0.2434038 0.2032100 0.1919324 0.1955076 0.1915468 0.2002001 0.1895596 0.2184705 0.2160183 0.2177360 0.2081689 0.2087926 0.2083090 0.2050788 0.1400629 0.1349737 0.1470886 0.1317142 0.1283888 0.1317142 0.1726024 0.1709731 0.1777580 0.1738208 0.1708281 0.1734526 0.1625064 0.2080116 0.1761353 0.1840530 0.2233821 0.2007883 0.2041210 0.2106816 0.2094711 0.1423395 0.1908658 0.1946256 0.1914367 0.1690536 0.1594664 0.2013202 0.1876671 
ASV_114    0.2613108 0.2330304 0.2707984 0.2864164 0.1474698 0.2016347 0.1910177 0.1878128 0.2144006 0.1636168 0.1699361 0.1725734 0.1865604 0.1972054 0.1898434 0.1930028 0.1934589 0.1977184 0.1927748 0.1942926 0.1834693 0.1902446 0.2095614 0.2300847 0.2091835 0.2144955 0.2062533 0.2039497 0.1969355 0.1561759 0.1680551 0.1123606 0.1063704 0.1116489 0.1034574 0.1065721 0.0759066 0.0707138 0.0000000 0.1911767 0.1980101 0.2007026 0.1974088 0.1875060 0.1678736 0.1859459 0.1581872 0.1572522 0.1633723 0.2046805 0.1763059 0.1950479 0.2083236 0.2152527 0.2115331 0.2129651 0.2333670 0.2436106 0.2076799 0.2007092 0.1878067 0.2226394 0.1945922 0.1981619 0.2290142 0.2073283 0.2015758 0.1925556 0.1957544 0.2025008 0.1993433 0.1856166 0.1480093 0.1570870 0.1522419 0.1486307 0.1577133 0.1500604 0.1398171 0.1514866 0.1479931 0.1742071 0.1846284 0.1512361 0.1920468 0.1893405 0.1971624 0.2149885 0.2110673 0.2071195 0.2191852 0.2127828 0.1571711 0.1784635 0.1785400 0.1815328 0.1919123 0.1832375 0.1890519 0.1664641 
